540,0,0,162,2.5,1040,676,28,2
540,0,0,162,2.5,1055,676,28,2
332.5,142.5,0,228,0,932,594,270,3
332.5,142.5,0,228,0,932,594,365,3
198.6,132.4,0,192,0,978.4,825.5,360,3
266,114,0,228,0,932,670,90,3
380,95,0,228,0,932,594,365,3
380,95,0,228,0,932,594,28,3
266,114,0,228,0,932,670,28,3
475,0,0,228,0,932,594,28,3
198.6,132.4,0,192,0,978.4,825.5,90,3
198.6,132.4,0,192,0,978.4,825.5,28,1
427.5,47.5,0,228,0,932,594,270,3
190,190,0,228,0,932,670,90,3
304,76,0,228,0,932,670,28,3
380,0,0,228,0,932,670,90,2
139.6,209.4,0,192,0,1047,806.9,90,3
342,38,0,228,0,932,670,365,2
380,95,0,228,0,932,594,90,3
475,0,0,228,0,932,594,180,3
427.5,47.5,0,228,0,932,594,180,3
139.6,209.4,0,192,0,1047,806.9,28,3
139.6,209.4,0,192,0,1047,806.9,3,1
139.6,209.4,0,192,0,1047,806.9,180,3
380,0,0,228,0,932,670,365,2
380,0,0,228,0,932,670,270,2
380,95,0,228,0,932,594,270,3
342,38,0,228,0,932,670,180,2
427.5,47.5,0,228,0,932,594,28,3
475,0,0,228,0,932,594,7,3
304,76,0,228,0,932,670,365,2
266,114,0,228,0,932,670,365,2
198.6,132.4,0,192,0,978.4,825.5,180,3
475,0,0,228,0,932,594,270,3
190,190,0,228,0,932,670,365,2
237.5,237.5,0,228,0,932,594,270,3
237.5,237.5,0,228,0,932,594,28,3
332.5,142.5,0,228,0,932,594,90,3
475,0,0,228,0,932,594,90,3
237.5,237.5,0,228,0,932,594,180,3
342,38,0,228,0,932,670,90,2
427.5,47.5,0,228,0,932,594,365,3
237.5,237.5,0,228,0,932,594,365,3
380,0,0,228,0,932,670,180,2
427.5,47.5,0,228,0,932,594,90,3
427.5,47.5,0,228,0,932,594,7,3
349,0,0,192,0,1047,806.9,3,1
380,95,0,228,0,932,594,180,3
237.5,237.5,0,228,0,932,594,7,1
380,95,0,228,0,932,594,7,3
332.5,142.5,0,228,0,932,594,180,3
190,190,0,228,0,932,670,180,3
237.5,237.5,0,228,0,932,594,90,3
304,76,0,228,0,932,670,90,2
139.6,209.4,0,192,0,1047,806.9,7,1
198.6,132.4,0,192,0,978.4,825.5,7,1
475,0,0,228,0,932,594,365,3
198.6,132.4,0,192,0,978.4,825.5,3,1
304,76,0,228,0,932,670,180,2
332.5,142.5,0,228,0,932,594,28,3
304,76,0,228,0,932,670,270,2
266,114,0,228,0,932,670,270,2
310,0,0,192,0,971,850.6,3,1
190,190,0,228,0,932,670,270,2
266,114,0,228,0,932,670,180,3
342,38,0,228,0,932,670,270,2
139.6,209.4,0,192,0,1047,806.9,360,3
332.5,142.5,0,228,0,932,594,7,3
190,190,0,228,0,932,670,28,3
485,0,0,146,0,1120,800,28,2
374,189.2,0,170.1,10.1,926.1,756.7,3,3
313.3,262.2,0,175.5,8.6,1046.9,611.8,3,3
425,106.3,0,153.5,16.5,852.1,887.1,3,3
425,106.3,0,151.4,18.6,936,803.7,3,3
375,93.8,0,126.6,23.4,852.1,992.6,3,3
475,118.8,0,181.1,8.9,852.1,781.5,3,3
469,117.2,0,137.8,32.2,852.1,840.5,3,3
425,106.3,0,153.5,16.5,852.1,887.1,3,3
388.6,97.1,0,157.9,12.1,852.1,925.7,3,1
531.3,0,0,141.8,28.2,852.1,893.7,3,3
425,106.3,0,153.5,16.5,852.1,887.1,3,3
318.8,212.5,0,155.7,14.3,852.1,880.4,3,1
401.8,94.7,0,147.4,11.4,946.8,852.1,3,3
362.6,189,0,164.9,11.6,944.7,755.8,3,3
323.7,282.8,0,183.8,10.3,942.7,659.9,3,3
379.5,151.2,0,153.9,15.9,1134.3,605,3,3
362.6,189,0,164.9,11.6,944.7,755.8,3,3
286.3,200.9,0,144.7,11.2,1004.6,803.7,3,1
362.6,189,0,164.9,11.6,944.7,755.8,3,3
439,177,0,186,11.1,884.9,707.9,3,3
389.9,189,0,145.9,22,944.7,755.8,3,3
362.6,189,0,164.9,11.6,944.7,755.8,3,3
337.9,189,0,174.9,9.5,944.7,755.8,3,1
374,189.2,0,170.1,10.1,926.1,756.7,7,3
313.3,262.2,0,175.5,8.6,1046.9,611.8,7,3
425,106.3,0,153.5,16.5,852.1,887.1,7,2
425,106.3,0,151.4,18.6,936,803.7,7,3
375,93.8,0,126.6,23.4,852.1,992.6,7,3
475,118.8,0,181.1,8.9,852.1,781.5,7,2
469,117.2,0,137.8,32.2,852.1,840.5,7,2
425,106.3,0,153.5,16.5,852.1,887.1,7,2
388.6,97.1,0,157.9,12.1,852.1,925.7,7,3
531.3,0,0,141.8,28.2,852.1,893.7,7,3
425,106.3,0,153.5,16.5,852.1,887.1,7,2
318.8,212.5,0,155.7,14.3,852.1,880.4,7,3
401.8,94.7,0,147.4,11.4,946.8,852.1,7,2
362.6,189,0,164.9,11.6,944.7,755.8,7,2
323.7,282.8,0,183.8,10.3,942.7,659.9,7,2
379.5,151.2,0,153.9,15.9,1134.3,605,7,3
362.6,189,0,164.9,11.6,944.7,755.8,7,2
286.3,200.9,0,144.7,11.2,1004.6,803.7,7,3
362.6,189,0,164.9,11.6,944.7,755.8,7,2
439,177,0,186,11.1,884.9,707.9,7,2
389.9,189,0,145.9,22,944.7,755.8,7,2
362.6,189,0,164.9,11.6,944.7,755.8,7,1
337.9,189,0,174.9,9.5,944.7,755.8,7,3
374,189.2,0,170.1,10.1,926.1,756.7,28,2
313.3,262.2,0,175.5,8.6,1046.9,611.8,28,2
425,106.3,0,153.5,16.5,852.1,887.1,28,2
425,106.3,0,151.4,18.6,936,803.7,28,2
375,93.8,0,126.6,23.4,852.1,992.6,28,2
475,118.8,0,181.1,8.9,852.1,781.5,28,2
469,117.2,0,137.8,32.2,852.1,840.5,28,2
425,106.3,0,153.5,16.5,852.1,887.1,28,2
388.6,97.1,0,157.9,12.1,852.1,925.7,28,2
531.3,0,0,141.8,28.2,852.1,893.7,28,2
425,106.3,0,153.5,16.5,852.1,887.1,28,2
318.8,212.5,0,155.7,14.3,852.1,880.4,28,2
401.8,94.7,0,147.4,11.4,946.8,852.1,28,2
362.6,189,0,164.9,11.6,944.7,755.8,28,2
323.7,282.8,0,183.8,10.3,942.7,659.9,28,2
379.5,151.2,0,153.9,15.9,1134.3,605,28,2
362.6,189,0,164.9,11.6,944.7,755.8,28,2
286.3,200.9,0,144.7,11.2,1004.6,803.7,28,2
362.6,189,0,164.9,11.6,944.7,755.8,28,2
439,177,0,186,11.1,884.9,707.9,28,2
389.9,189,0,145.9,22,944.7,755.8,28,2
362.6,189,0,164.9,11.6,944.7,755.8,28,2
337.9,189,0,174.9,9.5,944.7,755.8,28,2
374,189.2,0,170.1,10.1,926.1,756.7,56,2
313.3,262.2,0,175.5,8.6,1046.9,611.8,56,2
425,106.3,0,153.5,16.5,852.1,887.1,56,2
425,106.3,0,151.4,18.6,936,803.7,56,2
375,93.8,0,126.6,23.4,852.1,992.6,56,2
475,118.8,0,181.1,8.9,852.1,781.5,56,2
469,117.2,0,137.8,32.2,852.1,840.5,56,2
425,106.3,0,153.5,16.5,852.1,887.1,56,2
388.6,97.1,0,157.9,12.1,852.1,925.7,56,2
531.3,0,0,141.8,28.2,852.1,893.7,56,2
425,106.3,0,153.5,16.5,852.1,887.1,56,2
318.8,212.5,0,155.7,14.3,852.1,880.4,56,2
401.8,94.7,0,147.4,11.4,946.8,852.1,56,2
362.6,189,0,164.9,11.6,944.7,755.8,56,2
323.7,282.8,0,183.8,10.3,942.7,659.9,56,2
379.5,151.2,0,153.9,15.9,1134.3,605,56,2
362.6,189,0,164.9,11.6,944.7,755.8,56,2
286.3,200.9,0,144.7,11.2,1004.6,803.7,56,2
362.6,189,0,164.9,11.6,944.7,755.8,56,2
439,177,0,186,11.1,884.9,707.9,56,2
389.9,189,0,145.9,22,944.7,755.8,56,2
362.6,189,0,164.9,11.6,944.7,755.8,56,2
337.9,189,0,174.9,9.5,944.7,755.8,56,2
374,189.2,0,170.1,10.1,926.1,756.7,91,2
313.3,262.2,0,175.5,8.6,1046.9,611.8,91,2
425,106.3,0,153.5,16.5,852.1,887.1,91,2
425,106.3,0,151.4,18.6,936,803.7,91,2
375,93.8,0,126.6,23.4,852.1,992.6,91,2
475,118.8,0,181.1,8.9,852.1,781.5,91,2
469,117.2,0,137.8,32.2,852.1,840.5,91,2
425,106.3,0,153.5,16.5,852.1,887.1,91,2
388.6,97.1,0,157.9,12.1,852.1,925.7,91,2
531.3,0,0,141.8,28.2,852.1,893.7,91,2
425,106.3,0,153.5,16.5,852.1,887.1,91,2
318.8,212.5,0,155.7,14.3,852.1,880.4,91,2
401.8,94.7,0,147.4,11.4,946.8,852.1,91,2
362.6,189,0,164.9,11.6,944.7,755.8,91,2
379.5,151.2,0,153.9,15.9,1134.3,605,91,2
362.6,189,0,164.9,11.6,944.7,755.8,91,2
286.3,200.9,0,144.7,11.2,1004.6,803.7,91,2
362.6,189,0,164.9,11.6,944.7,755.8,91,2
439,177,0,186,11.1,884.9,707.9,91,2
389.9,189,0,145.9,22,944.7,755.8,91,2
362.6,189,0,164.9,11.6,944.7,755.8,91,2
337.9,189,0,174.9,9.5,944.7,755.8,91,2
222.36,0,96.67,189.29,4.46,967.08,870.32,3,1
222.36,0,96.67,189.29,4.46,967.08,870.32,14,1
222.36,0,96.67,189.29,4.46,967.08,870.32,28,1
222.36,0,96.67,189.29,4.46,967.08,870.32,56,3
222.36,0,96.67,189.29,4.46,967.08,870.32,100,3
233.81,0,94.58,197.89,4.567,947.04,852.16,3,1
233.81,0,94.58,197.89,4.567,947.04,852.16,14,1
233.81,0,94.58,197.89,4.567,947.04,852.16,28,1
233.81,0,94.58,197.89,4.567,947.04,852.16,56,1
233.81,0,94.58,197.89,4.567,947.04,852.16,100,3
194.68,0,100.52,165.62,7.48,1006.4,905.9,3,1
194.68,0,100.52,165.62,7.48,1006.4,905.9,14,1
194.68,0,100.52,165.62,7.48,1006.4,905.9,28,1
194.68,0,100.52,165.62,7.48,1006.4,905.9,56,3
194.68,0,100.52,165.62,7.48,1006.4,905.9,100,3
190.68,0,125.4,162.14,7.77,1090,804.01,3,1
190.68,0,125.4,162.14,7.77,1090,804.01,14,1
190.68,0,125.4,162.14,7.77,1090,804.01,28,1
190.68,0,125.4,162.14,7.77,1090,804.01,56,3
190.68,0,125.4,162.14,7.77,1090,804.01,100,3
212.07,0,121.62,180.31,5.69,1057.6,779.32,3,1
212.07,0,121.62,180.31,5.69,1057.6,779.32,14,1
212.07,0,121.62,180.31,5.69,1057.6,779.32,28,1
212.07,0,121.62,180.31,5.69,1057.6,779.32,56,3
212.07,0,121.62,180.31,5.69,1057.6,779.32,100,3
229.97,0,118.31,195.47,4.63,1029.4,758.59,3,1
229.97,0,118.31,195.47,4.63,1029.4,758.59,14,1
229.97,0,118.31,195.47,4.63,1029.4,758.59,28,1
229.97,0,118.31,195.47,4.63,1029.4,758.59,56,3
229.97,0,118.31,195.47,4.63,1029.4,758.59,100,3
190.34,0,125.18,161.85,9.88,1088.1,802.59,3,1
190.34,0,125.18,161.85,9.88,1088.1,802.59,14,1
190.34,0,125.18,161.85,9.88,1088.1,802.59,28,3
190.34,0,125.18,161.85,9.88,1088.1,802.59,56,3
190.34,0,125.18,161.85,9.88,1088.1,802.59,100,3
166.09,0,163.27,176.46,4.49,1058.6,780.09,3,1
166.09,0,163.27,176.46,4.49,1058.6,780.09,14,1
166.09,0,163.27,176.46,4.49,1058.6,780.09,28,1
166.09,0,163.27,176.46,4.49,1058.6,780.09,56,3
166.09,0,163.27,176.46,4.49,1058.6,780.09,100,3
167.95,42.08,163.83,121.75,5.72,1058.7,780.11,3,1
167.95,42.08,163.83,121.75,5.72,1058.7,780.11,14,1
167.95,42.08,163.83,121.75,5.72,1058.7,780.11,28,1
167.95,42.08,163.83,121.75,5.72,1058.7,780.11,56,3
167.95,42.08,163.83,121.75,5.72,1058.7,780.11,100,3
213.72,98.05,24.51,181.71,6.86,1065.8,785.38,3,1
213.72,98.05,24.51,181.71,6.86,1065.8,785.38,14,3
213.72,98.05,24.51,181.71,6.86,1065.8,785.38,28,3
213.72,98.05,24.51,181.71,6.86,1065.8,785.38,56,2
213.72,98.05,24.51,181.71,6.86,1065.8,785.38,100,2
213.76,98.06,24.52,181.74,6.65,1066,785.52,3,1
213.76,98.06,24.52,181.74,6.65,1066,785.52,14,1
213.76,98.06,24.52,181.74,6.65,1066,785.52,28,3
213.76,98.06,24.52,181.74,6.65,1066,785.52,56,3
213.76,98.06,24.52,181.74,6.65,1066,785.52,100,2
229.68,0,118.16,195.23,6.13,1028.1,757.63,3,1
229.68,0,118.16,195.23,6.13,1028.1,757.63,14,1
229.68,0,118.16,195.23,6.13,1028.1,757.63,28,1
229.68,0,118.16,195.23,6.13,1028.1,757.63,56,3
229.68,0,118.16,195.23,6.13,1028.1,757.63,100,3
238.05,0,94.11,186.66,7,949.91,847.01,3,1
238.05,0,94.11,186.66,7,949.91,847.01,14,1
238.05,0,94.11,186.66,7,949.91,847.01,28,3
238.05,0,94.11,186.66,7,949.91,847.01,56,3
238.05,0,94.11,186.66,7,949.91,847.01,100,3
250,0,95.69,187.42,5.53,956.86,861.17,3,1
250,0,95.69,187.42,5.53,956.86,861.17,14,1
250,0,95.69,187.42,5.53,956.86,861.17,28,3
250,0,95.69,187.42,5.53,956.86,861.17,56,3
250,0,95.69,187.42,5.53,956.86,861.17,100,3
212.52,0,100.37,159.32,8.71,1007.8,903.59,3,1
212.52,0,100.37,159.32,8.71,1007.8,903.59,14,1
212.52,0,100.37,159.32,8.71,1007.8,903.59,28,3
212.52,0,100.37,159.32,8.71,1007.8,903.59,56,3
212.52,0,100.37,159.32,8.71,1007.8,903.59,100,3
212.57,0,100.39,159.35,10.37,1003.8,903.79,3,1
212.57,0,100.39,159.35,10.37,1003.8,903.79,14,1
212.57,0,100.39,159.35,10.37,1003.8,903.79,28,3
212.57,0,100.39,159.35,10.37,1003.8,903.79,56,3
212.57,0,100.39,159.35,10.37,1003.8,903.79,100,3
212,0,124.78,159,7.84,1085.4,799.54,3,1
212,0,124.78,159,7.84,1085.4,799.54,14,3
212,0,124.78,159,7.84,1085.4,799.54,28,3
212,0,124.78,159,7.84,1085.4,799.54,56,3
212,0,124.78,159,7.84,1085.4,799.54,100,3
231.75,0,121.62,173.96,6.72,1056.4,778.45,3,1
231.75,0,121.62,173.96,6.72,1056.4,778.45,14,1
231.75,0,121.62,173.96,6.72,1056.4,778.45,28,3
231.75,0,121.62,173.96,6.72,1056.4,778.45,56,3
231.75,0,121.62,173.96,6.72,1056.4,778.45,100,3
251.37,0,118.27,188.45,5.75,1028.4,757.73,3,1
251.37,0,118.27,188.45,5.75,1028.4,757.73,14,3
251.37,0,118.27,188.45,5.75,1028.4,757.73,28,3
251.37,0,118.27,188.45,5.75,1028.4,757.73,56,3
251.37,0,118.27,188.45,5.75,1028.4,757.73,100,3
251.37,0,118.27,188.45,6.35,1028.4,757.73,3,1
251.37,0,118.27,188.45,6.35,1028.4,757.73,14,1
251.37,0,118.27,188.45,6.35,1028.4,757.73,28,3
251.37,0,118.27,188.45,6.35,1028.4,757.73,56,3
251.37,0,118.27,188.45,6.35,1028.4,757.73,100,3
181.38,0,167.01,169.59,7.56,1055.6,777.8,3,1
181.38,0,167.01,169.59,7.56,1055.6,777.8,14,1
181.38,0,167.01,169.59,7.56,1055.6,777.8,28,1
181.38,0,167.01,169.59,7.56,1055.6,777.8,56,3
181.38,0,167.01,169.59,7.56,1055.6,777.8,100,3
182.04,45.21,121.97,170.21,8.19,1059.4,780.65,3,1
182.04,45.21,121.97,170.21,8.19,1059.4,780.65,14,1
182.04,45.21,121.97,170.21,8.19,1059.4,780.65,28,3
182.04,45.21,121.97,170.21,8.19,1059.4,780.65,56,3
182.04,45.21,121.97,170.21,8.19,1059.4,780.65,100,3
168.88,42.22,124.25,158.33,10.83,1080.8,796.15,3,1
168.88,42.22,124.25,158.33,10.83,1080.8,796.15,14,1
168.88,42.22,124.25,158.33,10.83,1080.8,796.15,28,3
168.88,42.22,124.25,158.33,10.83,1080.8,796.15,56,3
168.88,42.22,124.25,158.33,10.83,1080.8,796.15,100,3
290.35,0,96.18,168.08,9.41,961.18,865,3,1
290.35,0,96.18,168.08,9.41,961.18,865,14,3
290.35,0,96.18,168.08,9.41,961.18,865,28,3
290.35,0,96.18,168.08,9.41,961.18,865,56,3
290.35,0,96.18,168.08,9.41,961.18,865,100,3
277.05,0,97.39,160.6,11.83,973.9,875.61,3,1
277.05,0,97.39,160.6,11.83,973.9,875.61,14,3
277.05,0,97.39,160.6,11.83,973.9,875.61,28,3
277.05,0,97.39,160.6,11.83,973.9,875.61,56,2
277.05,0,97.39,160.6,11.83,973.9,875.61,100,2
295.71,0,95.64,171.54,8.87,955.14,859.2,3,1
295.71,0,95.64,171.54,8.87,955.14,859.2,14,3
295.71,0,95.64,171.54,8.87,955.14,859.2,28,3
295.71,0,95.64,171.54,8.87,955.14,859.2,56,3
295.71,0,95.64,171.54,8.87,955.14,859.2,100,2
251.81,0,99.94,146.14,12.35,1006,899.76,3,1
251.81,0,99.94,146.14,12.35,1006,899.76,14,3
251.81,0,99.94,146.14,12.35,1006,899.76,28,3
251.81,0,99.94,146.14,12.35,1006,899.76,56,3
251.81,0,99.94,146.14,12.35,1006,899.76,100,3
249.1,0,98.75,158.11,12.8,987.76,889.01,3,1
249.1,0,98.75,158.11,12.8,987.76,889.01,14,3
249.1,0,98.75,158.11,12.8,987.76,889.01,28,3
249.1,0,98.75,158.11,12.8,987.76,889.01,56,3
249.1,0,98.75,158.11,12.8,987.76,889.01,100,2
252.31,0,98.75,146.25,14.17,987.76,889.01,3,1
252.31,0,98.75,146.25,14.17,987.76,889.01,14,3
252.31,0,98.75,146.25,14.17,987.76,889.01,28,2
252.31,0,98.75,146.25,14.17,987.76,889.01,56,2
252.31,0,98.75,146.25,14.17,987.76,889.01,100,2
246.83,0,125.08,143.3,11.99,1086.8,800.89,3,1
246.83,0,125.08,143.3,11.99,1086.8,800.89,14,3
246.83,0,125.08,143.3,11.99,1086.8,800.89,28,2
246.83,0,125.08,143.3,11.99,1086.8,800.89,56,2
246.83,0,125.08,143.3,11.99,1086.8,800.89,100,2
275.07,0,121.35,159.48,9.9,1053.6,777.5,3,1
275.07,0,121.35,159.48,9.9,1053.6,777.5,14,3
275.07,0,121.35,159.48,9.9,1053.6,777.5,28,2
275.07,0,121.35,159.48,9.9,1053.6,777.5,56,2
275.07,0,121.35,159.48,9.9,1053.6,777.5,100,2
297.16,0,117.54,174.8,9.52,1022.8,753.45,3,1
297.16,0,117.54,174.8,9.52,1022.8,753.45,14,3
297.16,0,117.54,174.8,9.52,1022.8,753.45,28,3
297.16,0,117.54,174.8,9.52,1022.8,753.45,56,2
297.16,0,117.54,174.8,9.52,1022.8,753.45,100,2
213.74,0,174.74,154.79,10.16,1053.5,776.35,3,1
213.74,0,174.74,154.79,10.16,1053.5,776.35,14,3
213.74,0,174.74,154.79,10.16,1053.5,776.35,28,3
213.74,0,174.74,154.79,10.16,1053.5,776.35,56,3
213.74,0,174.74,154.79,10.16,1053.5,776.35,100,2
213.5,0,174.24,154.61,11.66,1052.3,775.48,3,1
213.5,0,174.24,154.61,11.66,1052.3,775.48,14,3
213.5,0,174.24,154.61,11.66,1052.3,775.48,28,3
213.5,0,174.24,154.61,11.66,1052.3,775.48,56,2
213.5,0,174.24,154.61,11.66,1052.3,775.48,100,2
277.19,97.82,24.46,160.7,11.19,1061.7,782.46,3,3
277.19,97.82,24.46,160.7,11.19,1061.7,782.46,14,3
277.19,97.82,24.46,160.7,11.19,1061.7,782.46,28,2
277.19,97.82,24.46,160.7,11.19,1061.7,782.46,56,2
277.19,97.82,24.46,160.7,11.19,1061.7,782.46,100,2
218.23,54.64,123.78,140.75,11.91,1075.7,792.67,3,1
218.23,54.64,123.78,140.75,11.91,1075.7,792.67,14,3
218.23,54.64,123.78,140.75,11.91,1075.7,792.67,28,2
218.23,54.64,123.78,140.75,11.91,1075.7,792.67,56,2
218.23,54.64,123.78,140.75,11.91,1075.7,792.67,100,2
214.9,53.8,121.89,155.63,9.61,1014.3,780.58,3,1
214.9,53.8,121.89,155.63,9.61,1014.3,780.58,14,3
214.9,53.8,121.89,155.63,9.61,1014.3,780.58,28,2
214.9,53.8,121.89,155.63,9.61,1014.3,780.58,56,2
214.9,53.8,121.89,155.63,9.61,1014.3,780.58,100,2
218.85,0,124.13,158.49,11.33,1078.7,794.91,3,1
218.85,0,124.13,158.49,11.33,1078.7,794.91,14,1
218.85,0,124.13,158.49,11.33,1078.7,794.91,28,3
218.85,0,124.13,158.49,11.33,1078.7,794.91,56,3
218.85,0,124.13,158.49,11.33,1078.7,794.91,100,3
376,0,0,214.6,0,1003.5,762.36,3,1
376,0,0,214.6,0,1003.5,762.36,14,1
376,0,0,214.6,0,1003.5,762.36,28,3
376,0,0,214.6,0,1003.5,762.36,56,3
376,0,0,214.6,0,1003.5,762.36,100,3
500,0,0,140,4,966,853,28,2
475,0,59,142,1.9,1098,641,28,2
315,137,0,145,5.9,1130,745,28,2
505,0,60,195,0,1030,630,28,2
451,0,0,165,11.25,1030,745,28,2
516,0,0,162,8.2,801,802,28,3
520,0,0,170,5.2,855,855,28,2
528,0,0,185,6.86,920,720,28,2
520,0,0,175,5.2,870,805,28,2
385,0,136,158,20,903,768,28,2
500.1,0,0,200,3,1124.4,613.2,28,3
450.1,50,0,200,3,1124.4,613.2,28,3
397,17.2,158,167,20.8,967,633,28,2
333,17.5,163,167,17.9,996,652,28,3
334,17.6,158,189,15.3,967,633,28,3
405,0,0,175,0,1120,695,28,2
200,200,0,190,0,1145,660,28,2
516,0,0,162,8.26,801,802,28,3
145,116,119,184,5.7,833,880,28,3
160,128,122,182,6.4,824,879,28,3
234,156,0,189,5.85,981,760,28,3
250,180,95,159,9.45,860,800,28,2
475,0,0,162,9.5,1044,662,28,2
285,190,0,163,7.6,1031,685,28,2
356,119,0,160,9.03,1061,657,28,2
275,180,120,162,10.35,830,765,28,2
500,0,0,151,9,1033,655,28,2
165,0.02,143.57,163.81,0,1005.6,900.9,3,1
165,128.5,132.1,175.06,8.08,1005.8,746.6,3,1
178.03,129.8,118.6,179.94,3.57,1007.3,746.8,3,1
167.35,129.9,128.62,175.46,7.79,1006.3,746.6,3,1
172.38,13.61,172.37,156.76,4.14,1006.3,856.4,3,1
173.54,50.05,173.53,164.77,6.47,1006.2,793.5,3,1
167,75.4,167,164.03,7.91,1007.3,770.1,3,1
173.81,93.37,159.9,172.34,9.73,1007.2,746.6,3,1
190.34,0,125.18,166.61,9.88,1079,798.9,3,1
250,0,95.69,191.84,5.33,948.9,857.2,3,1
213.5,0,174.24,159.21,11.66,1043.6,771.9,3,1
194.68,0,100.52,170.17,7.48,998,901.8,3,1
251.37,0,118.27,192.94,5.75,1043.6,754.3,3,1
165,0.02,143.57,163.81,0,1005.6,900.9,14,1
165,128.5,132.1,175.06,8.08,1005.8,746.6,14,3
178.03,129.8,118.6,179.94,3.57,1007.3,746.8,14,3
167.35,129.9,128.62,175.46,7.79,1006.3,746.6,14,3
172.38,13.61,172.37,156.76,4.14,1006.3,856.4,14,3
173.54,50.05,173.53,164.77,6.47,1006.2,793.5,14,3
167,75.4,167,164.03,7.91,1007.3,770.1,14,3
173.81,93.37,159.9,172.34,9.73,1007.2,746.6,14,3
190.34,0,125.18,166.61,9.88,1079,798.9,14,1
250,0,95.69,191.84,5.33,948.9,857.2,14,1
213.5,0,174.24,159.21,11.66,1043.6,771.9,14,3
194.68,0,100.52,170.17,7.48,998,901.8,14,1
251.37,0,118.27,192.94,5.75,1043.6,754.3,14,1
165,0.02,143.57,163.81,0,1005.6,900.9,28,1
165,128.5,132.1,175.06,8.08,1005.8,746.6,28,3
178.03,129.8,118.6,179.94,3.57,1007.3,746.8,28,3
167.35,129.9,128.62,175.46,7.79,1006.3,746.6,28,3
172.38,13.61,172.37,156.76,4.14,1006.3,856.4,28,3
173.54,50.05,173.53,164.77,6.47,1006.2,793.5,28,3
167,75.4,167,164.03,7.91,1007.3,770.1,28,3
173.81,93.37,159.9,172.34,9.73,1007.2,746.6,28,3
190.34,0,125.18,166.61,9.88,1079,798.9,28,1
250,0,95.69,191.84,5.33,948.9,857.2,28,1
213.5,0,174.24,159.21,11.66,1043.6,771.9,28,3
194.68,0,100.52,170.17,7.48,998,901.8,28,3
251.37,0,118.27,192.94,5.75,1043.6,754.3,28,3
165,0.02,143.57,163.81,0,1005.6,900.9,56,3
165,128.5,132.1,175.06,8.08,1005.8,746.6,56,2
178.03,129.8,118.6,179.94,3.57,1007.3,746.8,56,3
167.35,129.9,128.62,175.46,7.79,1006.3,746.6,56,2
172.38,13.61,172.37,156.76,4.14,1006.3,856.4,56,3
173.54,50.05,173.53,164.77,6.47,1006.2,793.5,56,2
167,75.4,167,164.03,7.91,1007.3,770.1,56,2
173.81,93.37,159.9,172.34,9.73,1007.2,746.6,56,3
190.34,0,125.18,166.61,9.88,1079,798.9,56,3
250,0,95.69,191.84,5.33,948.9,857.2,56,3
213.5,0,174.24,159.21,11.66,1043.6,771.9,56,2
194.68,0,100.52,170.17,7.48,998,901.8,56,3
251.37,0,118.27,192.94,5.75,1043.6,754.3,56,3
165,0.02,143.57,163.81,0,1005.6,900.9,100,3
165,128.5,132.1,175.06,8.08,1005.8,746.6,100,2
178.03,129.8,118.6,179.94,3.57,1007.3,746.8,100,2
167.35,129.9,128.62,175.46,7.79,1006.3,746.6,100,2
172.38,13.61,172.37,156.76,4.14,1006.3,856.4,100,3
173.54,50.05,173.53,164.77,6.47,1006.2,793.5,100,2
167,75.4,167,164.03,7.91,1007.3,770.1,100,2
173.81,93.37,159.9,172.34,9.73,1007.2,746.6,100,2
190.34,0,125.18,166.61,9.88,1079,798.9,100,3
250,0,95.69,191.84,5.33,948.9,857.2,100,3
213.5,0,174.24,159.21,11.66,1043.6,771.9,100,2
194.68,0,100.52,170.17,7.48,998,901.8,100,3
251.37,0,118.27,192.94,5.75,1043.6,754.3,100,3
446,24,79,162,11.61,967,712,28,2
446,24,79,162,11.64,967,712,28,3
446,24,79,162,11.64,967,712,28,2
446,24,79,162,10.3,967,712,28,2
446,24,79,162,11.61,967,712,3,3
446,24,79,162,11.64,967,712,3,1
446,24,79,162,11.64,967,712,3,1
446,24,79,162,11.61,967,712,7,2
446,24,79,162,11.64,967,712,7,3
446,24,79,162,11.64,967,712,7,3
446,24,79,162,11.61,967,712,56,2
446,24,79,162,11.64,967,712,56,2
446,24,79,162,11.64,967,712,56,2
446,24,79,162,10.3,967,712,56,2
387,20,94,157,14.32,938,845,28,2
387,20,94,157,13.93,938,845,28,3
387,20,94,157,11.61,938,845,28,3
387,20,94,157,14.32,938,845,3,1
387,20,94,157,13.93,938,845,3,1
387,20,94,157,11.61,938,845,3,3
387,20,94,157,14.32,938,845,7,3
387,20,94,157,13.93,938,845,7,3
387,20,94,157,11.61,938,845,7,3
387,20,94,157,14.32,938,845,56,2
387,20,94,157,13.93,938,845,56,3
387,20,94,157,11.61,938,845,56,2
355,19,97,145,13.13,967,871,28,3
355,19,97,145,12.25,967,871,28,2
491,26,123,210,3.93,882,699,28,2
491,26,123,201,3.93,822,699,28,2
491,26,123,210,3.93,882,699,3,1
491,26,123,210,3.93,882,699,7,3
491,26,123,210,3.93,882,699,56,2
491,26,123,201,3.93,822,699,3,3
491,26,123,201,3.93,822,699,7,3
491,26,123,201,3.93,822,699,56,2
424,22,132,178,8.48,822,750,28,2
424,22,132,178,8.48,882,750,3,3
424,22,132,168,8.92,822,750,28,2
424,22,132,178,8.48,822,750,7,3
424,22,132,178,8.48,822,750,56,2
424,22,132,168,8.92,822,750,3,3
424,22,132,168,8.92,822,750,7,3
424,22,132,168,8.92,822,750,56,2
202,11,141,206,1.72,942,801,28,1
202,11,141,206,1.72,942,801,3,1
202,11,141,206,1.72,942,801,7,1
202,11,141,206,1.72,942,801,56,1
284,15,141,179,5.46,842,801,28,3
284,15,141,179,5.46,842,801,3,1
284,15,141,179,5.46,842,801,7,1
284,15,141,179,5.46,842,801,56,3
359,19,141,154,10.91,942,801,28,2
359,19,141,154,10.91,942,801,28,2
359,19,141,154,10.91,942,801,3,1
359,19,141,154,10.91,942,801,3,1
359,19,141,154,10.91,942,801,7,3
359,19,141,154,10.91,942,801,7,3
359,19,141,154,10.91,942,801,56,2
359,19,141,154,10.91,942,801,56,2
436,0,0,218,0,838.4,719.7,28,1
289,0,0,192,0,913.2,895.3,90,3
289,0,0,192,0,913.2,895.3,3,1
393,0,0,192,0,940.6,785.6,3,1
393,0,0,192,0,940.6,785.6,90,3
393,0,0,192,0,940.6,785.6,28,3
480,0,0,192,0,936.2,712.2,28,3
480,0,0,192,0,936.2,712.2,7,3
480,0,0,192,0,936.2,712.2,90,2
480,0,0,192,0,936.2,712.2,3,1
333,0,0,192,0,931.2,842.6,3,1
255,0,0,192,0,889.8,945,90,1
255,0,0,192,0,889.8,945,7,1
289,0,0,192,0,913.2,895.3,7,1
255,0,0,192,0,889.8,945,28,1
333,0,0,192,0,931.2,842.6,28,3
333,0,0,192,0,931.2,842.6,7,1
289,0,0,192,0,913.2,895.3,28,1
333,0,0,192,0,931.2,842.6,90,3
393,0,0,192,0,940.6,785.6,7,1
255,0,0,192,0,889.8,945,3,1
158.8,238.2,0,185.7,0,1040.6,734.3,7,1
239.6,359.4,0,185.7,0,941.6,664.3,7,1
238.2,158.8,0,185.7,0,1040.6,734.3,7,1
181.9,272.8,0,185.7,0,1012.4,714.3,28,1
193.5,290.2,0,185.7,0,998.2,704.3,28,3
255.5,170.3,0,185.7,0,1026.6,724.3,7,1
272.8,181.9,0,185.7,0,1012.4,714.3,7,1
239.6,359.4,0,185.7,0,941.6,664.3,28,3
220.8,147.2,0,185.7,0,1055,744.3,28,1
397,0,0,185.7,0,1040.6,734.3,28,3
382.5,0,0,185.7,0,1047.8,739.3,7,1
210.7,316.1,0,185.7,0,977,689.3,7,1
158.8,238.2,0,185.7,0,1040.6,734.3,28,1
295.8,0,0,185.7,0,1091.4,769.3,7,1
255.5,170.3,0,185.7,0,1026.6,724.3,28,3
203.5,135.7,0,185.7,0,1076.2,759.3,7,1
397,0,0,185.7,0,1040.6,734.3,7,1
381.4,0,0,185.7,0,1104.6,784.3,28,1
295.8,0,0,185.7,0,1091.4,769.3,28,1
228,342.1,0,185.7,0,955.8,674.3,28,3
220.8,147.2,0,185.7,0,1055,744.3,7,1
316.1,210.7,0,185.7,0,977,689.3,28,3
135.7,203.5,0,185.7,0,1076.2,759.3,7,1
238.1,0,0,185.7,0,1118.8,789.3,28,1
339.2,0,0,185.7,0,1069.2,754.3,7,1
135.7,203.5,0,185.7,0,1076.2,759.3,28,1
193.5,290.2,0,185.7,0,998.2,704.3,7,1
203.5,135.7,0,185.7,0,1076.2,759.3,28,1
290.2,193.5,0,185.7,0,998.2,704.3,7,1
181.9,272.8,0,185.7,0,1012.4,714.3,7,1
170.3,155.5,0,185.7,0,1026.6,724.3,28,1
210.7,316.1,0,185.7,0,977,689.3,28,3
228,342.1,0,185.7,0,955.8,674.3,7,1
290.2,193.5,0,185.7,0,998.2,704.3,28,3
381.4,0,0,185.7,0,1104.6,784.3,7,1
238.2,158.8,0,185.7,0,1040.6,734.3,28,1
186.2,124.1,0,185.7,0,1083.4,764.3,7,1
339.2,0,0,185.7,0,1069.2,754.3,28,3
238.1,0,0,185.7,0,1118.8,789.3,7,1
252.5,0,0,185.7,0,1111.6,784.3,28,1
382.5,0,0,185.7,0,1047.8,739.3,28,3
252.5,0,0,185.7,0,1111.6,784.3,7,1
316.1,210.7,0,185.7,0,977,689.3,7,1
186.2,124.1,0,185.7,0,1083.4,764.3,28,1
170.3,155.5,0,185.7,0,1026.6,724.3,7,1
272.8,181.9,0,185.7,0,1012.4,714.3,28,3
339,0,0,197,0,968,781,3,1
339,0,0,197,0,968,781,7,1
339,0,0,197,0,968,781,14,1
339,0,0,197,0,968,781,28,3
339,0,0,197,0,968,781,90,3
339,0,0,197,0,968,781,180,3
339,0,0,197,0,968,781,365,3
236,0,0,194,0,968,885,3,1
236,0,0,194,0,968,885,14,1
236,0,0,194,0,968,885,28,1
236,0,0,194,0,968,885,90,1
236,0,0,193,0,968,885,180,1
236,0,0,193,0,968,885,365,1
277,0,0,191,0,968,856,14,1
277,0,0,191,0,968,856,28,1
277,0,0,191,0,968,856,3,1
277,0,0,191,0,968,856,90,3
277,0,0,191,0,968,856,180,3
277,0,0,191,0,968,856,360,3
254,0,0,198,0,968,863,3,1
254,0,0,198,0,968,863,90,1
254,0,0,198,0,968,863,180,1
254,0,0,198,0,968,863,365,3
307,0,0,193,0,968,812,180,3
307,0,0,193,0,968,812,365,3
307,0,0,193,0,968,812,3,1
307,0,0,193,0,968,812,28,1
307,0,0,193,0,968,812,90,3
236,0,0,193,0,968,885,7,1
200,0,0,180,0,1125,845,7,1
200,0,0,180,0,1125,845,28,1
225,0,0,181,0,1113,833,7,1
225,0,0,181,0,1113,833,28,1
325,0,0,184,0,1063,783,7,1
325,0,0,184,0,1063,783,28,3
275,0,0,183,0,1088,808,7,1
275,0,0,183,0,1088,808,28,1
300,0,0,184,0,1075,795,7,1
300,0,0,184,0,1075,795,28,1
375,0,0,186,0,1038,758,7,1
375,0,0,186,0,1038,758,28,3
400,0,0,187,0,1025,745,28,3
400,0,0,187,0,1025,745,7,3
250,0,0,182,0,1100,820,7,1
250,0,0,182,0,1100,820,28,1
350,0,0,186,0,1050,770,7,1
350,0,0,186,0,1050,770,28,3
203.5,305.3,0,203.5,0,963.4,630,7,1
250.2,166.8,0,203.5,0,977.6,694.1,90,3
157,236,0,192,0,935.4,781.2,90,3
141.3,212,0,203.5,0,971.8,748.5,28,3
166.8,250.2,0,203.5,0,975.6,692.6,3,1
122.6,183.9,0,203.5,0,958.2,800.1,90,3
183.9,122.6,0,203.5,0,959.2,800,3,1
102,153,0,192,0,887,942,3,1
102,153,0,192,0,887,942,90,1
122.6,183.9,0,203.5,0,958.2,800.1,28,1
166.8,250.2,0,203.5,0,975.6,692.6,28,3
200,133,0,192,0,965.4,806.2,3,1
108.3,162.4,0,203.5,0,938.2,849,28,1
305.3,203.5,0,203.5,0,965.4,631,7,1
108.3,162.4,0,203.5,0,938.2,849,90,3
116,173,0,192,0,909.8,891.9,90,3
141.3,212,0,203.5,0,971.8,748.5,7,1
157,236,0,192,0,935.4,781.2,28,3
133,200,0,192,0,927.4,839.2,28,1
250.2,166.8,0,203.5,0,977.6,694.1,7,1
173,116,0,192,0,946.8,856.8,7,1
192,288,0,192,0,929.8,716.1,3,1
192,288,0,192,0,929.8,716.1,28,3
153,102,0,192,0,888,943.1,3,1
288,192,0,192,0,932,717.8,3,1
305.3,203.5,0,203.5,0,965.4,631,28,3
236,157,0,192,0,972.6,749.1,7,1
173,116,0,192,0,946.8,856.8,3,1
212,141.3,0,203.5,0,973.4,750,7,1
236,157,0,192,0,972.6,749.1,3,1
183.9,122.6,0,203.5,0,959.2,800,90,3
166.8,250.2,0,203.5,0,975.6,692.6,7,1
102,153,0,192,0,887,942,7,1
288,192,0,192,0,932,717.8,28,3
212,141.3,0,203.5,0,973.4,750,28,3
102,153,0,192,0,887,942,28,1
173,116,0,192,0,946.8,856.8,28,1
183.9,122.6,0,203.5,0,959.2,800,28,1
133,200,0,192,0,927.4,839.2,90,3
192,288,0,192,0,929.8,716.1,90,2
133,200,0,192,0,927.4,839.2,7,1
305.3,203.5,0,203.5,0,965.4,631,3,1
236,157,0,192,0,972.6,749.1,90,3
108.3,162.4,0,203.5,0,938.2,849,3,1
157,236,0,192,0,935.4,781.2,7,1
288,192,0,192,0,932,717.8,7,1
212,141.3,0,203.5,0,973.4,750,3,1
212,141.3,0,203.5,0,973.4,750,90,3
153,102,0,192,0,888,943.1,28,1
236,157,0,192,0,972.6,749.1,28,3
116,173,0,192,0,909.8,891.9,28,1
183.9,122.6,0,203.5,0,959.2,800,7,1
108.3,162.4,0,203.5,0,938.2,849,7,1
203.5,305.3,0,203.5,0,963.4,630,28,3
203.5,305.3,0,203.5,0,963.4,630,3,1
133,200,0,192,0,927.4,839.2,3,1
288,192,0,192,0,932,717.8,90,2
200,133,0,192,0,965.4,806.2,7,1
200,133,0,192,0,965.4,806.2,28,3
250.2,166.8,0,203.5,0,977.6,694.1,3,1
122.6,183.9,0,203.5,0,958.2,800.1,3,1
153,102,0,192,0,888,943.1,90,1
200,133,0,192,0,965.4,806.2,90,3
116,173,0,192,0,909.8,891.9,3,1
173,116,0,192,0,946.8,856.8,90,3
250.2,166.8,0,203.5,0,977.6,694.1,28,3
305.3,203.5,0,203.5,0,965.4,631,90,2
192,288,0,192,0,929.8,716.1,7,1
157,236,0,192,0,935.4,781.2,3,1
153,102,0,192,0,888,943.1,7,1
141.3,212,0,203.5,0,971.8,748.5,90,3
116,173,0,192,0,909.8,891.9,7,1
141.3,212,0,203.5,0,971.8,748.5,3,1
122.6,183.9,0,203.5,0,958.2,800.1,7,1
166.8,250.2,0,203.5,0,975.6,692.6,90,3
203.5,305.3,0,203.5,0,963.4,630,90,2
310,0,0,192,0,1012,830,3,1
310,0,0,192,0,1012,830,7,1
310,0,0,192,0,1012,830,28,1
310,0,0,192,0,1012,830,90,3
310,0,0,192,0,1012,830,120,3
331,0,0,192,0,1025,821,3,1
331,0,0,192,0,1025,821,7,1
331,0,0,192,0,1025,821,28,3
331,0,0,192,0,1025,821,90,3
331,0,0,192,0,1025,821,120,3
349,0,0,192,0,1056,809,3,1
349,0,0,192,0,1056,809,7,1
349,0,0,192,0,1056,809,28,3
349,0,0,192,0,1056,809,90,3
349,0,0,192,0,1056,809,120,3
238,0,0,186,0,1119,789,7,1
238,0,0,186,0,1119,789,28,1
296,0,0,186,0,1090,769,7,1
296,0,0,186,0,1090,769,28,1
297,0,0,186,0,1040,734,7,3
480,0,0,192,0,936,721,28,3
480,0,0,192,0,936,721,90,2
397,0,0,186,0,1040,734,28,3
281,0,0,186,0,1104,774,7,1
281,0,0,185,0,1104,774,28,1
500,0,0,200,0,1125,613,1,1
500,0,0,200,0,1125,613,3,1
500,0,0,200,0,1125,613,7,3
500,0,0,200,0,1125,613,14,3
500,0,0,200,0,1125,613,28,3
540,0,0,173,0,1125,613,7,2
540,0,0,173,0,1125,613,14,2
540,0,0,173,0,1125,613,28,2
540,0,0,173,0,1125,613,90,2
540,0,0,173,0,1125,613,180,2
540,0,0,173,0,1125,613,270,2
350,0,0,203,0,974,775,7,1
350,0,0,203,0,974,775,14,1
350,0,0,203,0,974,775,28,1
350,0,0,203,0,974,775,56,3
350,0,0,203,0,974,775,90,3
350,0,0,203,0,974,775,180,3
385,0,0,186,0,966,763,1,1
385,0,0,186,0,966,763,3,1
385,0,0,186,0,966,763,7,1
385,0,0,186,0,966,763,14,1
385,0,0,186,0,966,763,28,3
331,0,0,192,0,978,825,180,3
331,0,0,192,0,978,825,360,3
349,0,0,192,0,1047,806,3,1
331,0,0,192,0,978,825,3,1
382,0,0,186,0,1047,739,7,1
382,0,0,186,0,1047,739,28,3
382,0,0,186,0,1111,784,7,1
281,0,0,186,0,1104,774,28,1
339,0,0,185,0,1069,754,7,1
339,0,0,185,0,1069,754,28,3
295,0,0,185,0,1069,769,7,1
295,0,0,185,0,1069,769,28,1
238,0,0,185,0,1118,789,28,1
296,0,0,192,0,1085,765,7,1
296,0,0,192,0,1085,765,28,1
296,0,0,192,0,1085,765,90,3
331,0,0,192,0,879,825,3,1
331,0,0,192,0,978,825,7,1
331,0,0,192,0,978,825,28,3
331,0,0,192,0,978,825,90,3
349,0,0,192,0,1047,806,7,1
349,0,0,192,0,1047,806,28,3
349,0,0,192,0,1047,806,90,3
349,0,0,192,0,1047,806,180,3
349,0,0,192,0,1047,806,360,3
302,0,0,203,0,974,817,14,1
302,0,0,203,0,974,817,180,1
525,0,0,189,0,1125,613,180,2
500,0,0,200,0,1125,613,90,3
500,0,0,200,0,1125,613,180,2
500,0,0,200,0,1125,613,270,2
540,0,0,173,0,1125,613,3,3
252,0,0,185,0,1111,784,7,1
252,0,0,185,0,1111,784,28,1
339,0,0,185,0,1060,754,28,3
393,0,0,192,0,940,758,3,1
393,0,0,192,0,940,758,28,3
393,0,0,192,0,940,758,90,3
382,0,0,185,0,1047,739,7,1
382,0,0,185,0,1047,739,28,3
252,0,0,186,0,1111,784,7,1
252,0,0,185,0,1111,784,28,1
310,0,0,192,0,970,850,7,1
310,0,0,192,0,970,850,28,1
310,0,0,192,0,970,850,90,3
310,0,0,192,0,970,850,180,3
310,0,0,192,0,970,850,360,3
525,0,0,189,0,1125,613,3,3
525,0,0,189,0,1125,613,7,3
525,0,0,189,0,1125,613,14,3
525,0,0,189,0,1125,613,28,2
525,0,0,189,0,1125,613,90,2
525,0,0,189,0,1125,613,270,2
322,0,0,203,0,974,800,14,1
322,0,0,203,0,974,800,28,1
322,0,0,203,0,974,800,180,3
302,0,0,203,0,974,817,28,1
397,0,0,185,0,1040,734,28,3
480,0,0,192,0,936,721,3,1
522,0,0,146,0,896,896,7,2
522,0,0,146,0,896,896,28,2
273,105,82,210,9,904,680,28,3
162,190,148,179,19,838,741,28,3
154,144,112,220,10,923,658,28,1
147,115,89,202,9,860,829,28,1
152,178,139,168,18,944,695,28,3
310,143,111,168,22,914,651,28,3
144,0,175,158,18,943,844,28,1
304,140,0,214,6,895,722,28,3
374,0,0,190,7,1013,730,28,3
159,149,116,175,15,953,720,28,1
153,239,0,200,6,1002,684,28,1
310,143,0,168,10,914,804,28,3
305,0,100,196,10,959,705,28,3
151,0,184,167,12,991,772,28,1
142,167,130,174,11,883,785,28,3
298,137,107,201,6,878,655,28,2
321,164,0,190,5,870,774,28,2
366,187,0,191,7,824,757,28,2
280,129,100,172,9,825,805,28,2
252,97,76,194,8,835,821,28,3
165,0,150,182,12,1023,729,28,1
156,243,0,180,11,1022,698,28,3
160,188,146,203,11,829,710,28,3
298,0,107,186,6,879,815,28,3
318,0,126,210,6,861,737,28,3
287,121,94,188,9,904,696,28,3
326,166,0,174,9,882,790,28,2
356,0,142,193,11,801,778,28,3
132,207,161,179,5,867,736,28,3
322,149,0,186,8,951,709,28,2
164,0,200,181,13,849,846,28,1
314,0,113,170,10,925,783,28,3
321,0,128,182,11,870,780,28,3
140,164,128,237,6,869,656,28,3
288,121,0,177,7,908,829,28,3
298,0,107,210,11,880,744,28,3
265,111,86,195,6,833,790,28,3
160,250,0,168,12,1049,688,28,3
166,260,0,183,13,859,827,28,3
276,116,90,180,9,870,768,28,3
322,0,116,196,10,818,813,28,3
149,139,109,193,6,892,780,28,1
159,187,0,176,11,990,789,28,3
261,100,78,201,9,864,761,28,3
237,92,71,247,6,853,695,28,3
313,0,113,178,8,1002,689,28,3
155,183,0,193,9,1047,697,28,1
146,230,0,202,3,827,872,28,3
296,0,107,221,11,819,778,28,3
133,210,0,196,3,949,795,28,3
313,145,0,178,8,867,824,28,3
152,0,112,184,8,992,816,28,1
153,145,113,178,8,1002,689,28,1
140,133,103,200,7,916,753,28,3
149,236,0,176,13,847,893,28,3
300,0,120,212,10,878,728,28,1
153,145,113,178,8,867,824,28,1
148,0,137,158,16,1002,830,28,1
326,0,138,199,11,801,792,28,3
153,145,0,178,8,1000,822,28,1
262,111,86,195,5,895,733,28,3
158,0,195,220,11,898,713,28,1
151,0,185,167,16,1074,678,28,1
273,0,90,199,11,931,762,28,3
149,118,92,183,7,953,780,28,1
143,169,143,191,8,967,643,28,3
260,101,78,171,10,936,763,28,2
313,161,0,178,10,917,759,28,2
284,120,0,168,7,970,794,28,3
336,0,0,182,3,986,817,28,3
145,0,134,181,11,979,812,28,1
150,237,0,174,12,1069,675,28,3
144,170,133,192,8,814,805,28,3
331,170,0,195,8,811,802,28,2
155,0,143,193,9,1047,697,28,1
155,183,0,193,9,877,868,28,1
135,0,166,180,10,961,805,28,1
266,112,87,178,10,910,745,28,3
314,145,113,179,8,869,690,28,3
313,145,0,127,8,1000,822,28,3
146,173,0,182,3,986,817,28,1
144,136,106,178,7,941,774,28,1
148,0,182,181,15,839,884,28,1
277,117,91,191,7,946,666,28,3
298,0,107,164,13,953,784,28,3
313,145,0,178,8,1002,689,28,3
155,184,143,194,9,880,699,28,3
289,134,0,195,6,924,760,28,3
148,175,0,171,2,1000,828,28,1
145,0,179,202,8,824,869,28,1
313,0,0,178,8,1000,822,28,1
136,162,126,172,10,923,764,28,3
155,0,143,193,9,877,868,28,1
255,99,77,189,6,919,749,28,3
162,207,172,216,10,822,638,28,3
136,196,98,199,6,847,783,28,1
164,163,128,197,8,961,641,28,1
162,214,164,202,10,820,680,28,3
157,214,152,200,9,819,704,28,3
149,153,194,192,8,935,623,28,1
135,105,193,196,6,965,643,28,1
159,209,161,201,7,848,669,28,3
144,15,195,176,6,1021,709,28,1
154,174,185,228,7,845,612,28,1
167,187,195,185,7,898,636,28,1
184,86,190,213,6,923,623,28,1
156,178,187,221,7,854,614,28,3
236.9,91.7,71.5,246.9,6,852.9,695.4,28,3
313.3,0,113,178.5,8,1001.9,688.7,28,3
154.8,183.4,0,193.3,9.1,1047.4,696.7,28,1
145.9,230.5,0,202.5,3.4,827,871.8,28,3
296,0,106.7,221.4,10.5,819.2,778.4,28,3
133.1,210.2,0,195.7,3.1,949.4,795.3,28,3
313.3,145,0,178.5,8,867.2,824,28,3
151.6,0,111.9,184.4,7.9,992,815.9,28,1
153.1,145,113,178.5,8,1001.9,688.7,28,1
139.9,132.6,103.3,200.3,7.4,916,753.4,28,3
149.5,236,0,175.8,12.6,846.8,892.7,28,3
299.8,0,119.8,211.5,9.9,878.2,727.6,28,1
153.1,145,113,178.5,8,867.2,824,28,1
148.1,0,136.6,158.1,16.1,1001.8,830.1,28,1
326.5,0,137.9,199,10.8,801.1,792.5,28,3
152.7,144.7,0,178.1,8,999.7,822.2,28,1
261.9,110.5,86.1,195.4,5,895.2,732.6,28,3
158.4,0,194.9,219.7,11,897.7,712.9,28,1
150.7,0,185.3,166.7,15.6,1074.5,678,28,1
272.6,0,89.6,198.7,10.6,931.3,762.2,28,3
149,117.6,91.7,182.9,7.1,953.4,780.3,28,1
143,169.4,142.7,190.7,8.4,967.4,643.5,28,3
259.9,100.6,78.4,170.6,10.4,935.7,762.9,28,2
312.9,160.5,0,177.6,9.6,916.6,759.5,28,2
284,119.7,0,168.3,7.2,970.4,794.2,28,3
336.5,0,0,181.9,3.4,985.8,816.8,28,3
144.8,0,133.6,180.8,11.1,979.5,811.5,28,1
150,236.8,0,173.8,11.9,1069.3,674.8,28,3
143.7,170.2,132.6,191.6,8.5,814.1,805.3,28,3
330.5,169.6,0,194.9,8.1,811,802.3,28,2
154.8,0,142.8,193.3,9.1,1047.4,696.7,28,1
154.8,183.4,0,193.3,9.1,877.2,867.7,28,1
134.7,0,165.7,180.2,10,961,804.9,28,1
266.2,112.3,87.5,177.9,10.4,909.7,744.5,28,3
314,145.3,113.2,178.9,8,869.1,690.2,28,3
312.7,144.7,0,127.3,8,999.7,822.2,28,3
145.7,172.6,0,181.9,3.4,985.8,816.8,28,1
143.8,136.3,106.2,178.1,7.5,941.5,774.3,28,1
148.1,0,182.1,181.4,15,838.9,884.3,28,1
277,116.8,91,190.6,7,946.5,665.6,28,3
298.1,0,107.5,163.6,12.8,953.2,784,28,3
313.3,145,0,178.5,8,1001.9,688.7,28,3
155.2,183.9,143.2,193.8,9.2,879.6,698.5,28,3
289,133.7,0,194.9,5.5,924.1,760.1,28,3
147.8,175.1,0,171.2,2.2,1000,828.5,28,1
145.4,0,178.9,201.7,7.8,824,868.7,28,1
312.7,0,0,178.1,8,999.7,822.2,28,1
136.4,161.6,125.8,171.6,10.4,922.6,764.4,28,3
154.8,0,142.8,193.3,9.1,877.2,867.7,28,1
255.3,98.8,77,188.6,6.5,919,749.3,28,3
272.8,105.1,81.8,209.7,9,904,679.7,28,3
162,190.1,148.1,178.8,18.8,838.1,741.4,28,3
153.6,144.2,112.3,220.1,10.1,923.2,657.9,28,1
146.5,114.6,89.3,201.9,8.8,860,829.5,28,1
151.8,178.1,138.7,167.5,18.3,944,694.6,28,3
309.9,142.8,111.2,167.8,22.1,913.9,651.2,28,3
143.6,0,174.9,158.4,17.9,942.7,844.5,28,1
303.6,139.9,0,213.5,6.2,895.5,722.5,28,3
374.3,0,0,190.2,6.7,1013.2,730.4,28,3
158.6,148.9,116,175.1,15,953.3,719.7,28,1
152.6,238.7,0,200,6.3,1001.8,683.9,28,1
310,142.8,0,167.9,10,914.3,804,28,3
304.8,0,99.6,196,9.8,959.4,705.2,28,3
150.9,0,183.9,166.6,11.6,991.2,772.2,28,1
141.9,166.6,129.7,173.5,10.9,882.6,785.3,28,3
297.8,137.2,106.9,201.3,6,878.4,655.3,28,2
321.3,164.2,0,190.5,4.6,870,774,28,2
366,187,0,191.3,6.6,824.3,756.9,28,2
279.8,128.9,100.4,172.4,9.5,825.1,804.9,28,2
252.1,97.1,75.6,193.8,8.3,835.5,821.4,28,3
164.6,0,150.4,181.6,11.7,1023.3,728.9,28,1
155.6,243.5,0,180.3,10.7,1022,697.7,28,3
160.2,188,146.4,203.2,11.3,828.7,709.7,28,3
298.1,0,107,186.4,6.1,879,815.2,28,3
317.9,0,126.5,209.7,5.7,860.5,736.6,28,3
287.3,120.5,93.9,187.6,9.2,904.4,695.9,28,3
325.6,166.4,0,174,8.9,881.6,790,28,2
355.9,0,141.6,193.3,11,801.4,778.4,28,3
132,206.5,160.9,178.9,5.5,866.9,735.6,28,3
322.5,148.6,0,185.8,8.5,951,709.5,28,2
164.2,0,200.1,181.2,12.6,849.3,846,28,1
313.8,0,112.6,169.9,10.1,925.3,782.9,28,3
321.4,0,127.9,182.5,11.5,870.1,779.7,28,3
139.7,163.9,127.7,236.7,5.8,868.6,655.6,28,3
288.4,121,0,177.4,7,907.9,829.5,28,3
298.2,0,107,209.7,11.1,879.6,744.2,28,3
264.5,111,86.5,195.5,5.9,832.6,790.4,28,3
159.8,250,0,168.4,12.2,1049.3,688.2,28,3
166,259.7,0,183.2,12.7,858.8,826.8,28,3
276.4,116,90.3,179.6,8.9,870.1,768.3,28,3
322.2,0,115.6,196,10.4,817.9,813.4,28,3
148.5,139.4,108.6,192.7,6.1,892.4,780,28,1
159.1,186.7,0,175.6,11.3,989.6,788.9,28,3
260.9,100.5,78.3,200.6,8.6,864.5,761.5,28,3