37.44,-25.4,1
38.43,-9.08,3
41.11,-8.36,2
37.23,-5.59,1
36.32,-6.18,2
36.43,-4.25,1
37.13,-3.41,3
37.53,-4.46,3
38.21,-0.29,2
39.28,-0.22,3
41.23,2.11,1
41.38,-0.53,2
40.24,-3.41,2
41.39,-4.43,2
43.15,-2.58,3
43.22,-8.23,1
38.54,1.26,2
39.34,2.39,3
42.3,1.31,3
44.5,-0.34,3
43.36,1.26,1
43.18,5.24,3
43.42,7.15,3
43.42,7.23,3
42.42,9.27,1
45.5,1.16,2
45.26,4.24,2
45.45,4.51,3
45.1,5.43,3
48.24,-4.29,1
48.05,-1.41,3
47.13,-1.33,2
47.23,0.41,2
49.3,0.08,2
48.52,2.2,2
49.15,4.02,2
47.19,5.01,3
48.41,6.12,2
48.35,7.45,2
49.36,6.09,3
50.38,5.34,1
50.5,4.2,3
50.38,3.04,3
51.03,3.43,1
51.13,4.25,1
51.26,5.28,3
51.55,4.28,2
52.22,4.54,3
52.05,5.08,3
53.13,6.33,2
50.23,-4.1,3
50.43,-1.54,2
50.5,-0.08,2
51.29,-3.13,2
51.27,-2.35,2
51.3,-0.1,2
52.3,-1.5,2
53.25,-2.55,3
53.3,-2.15,1
53.23,-1.3,1
53.5,-1.35,3
54.59,-1.35,3
55.57,-3.13,1
55.53,-4.15,3
56.28,-3,1
57.1,-2.04,2
60.09,-1.09,3
62.01,-6.46,1
51.54,-8.28,2
52.4,-8.38,1
53.2,-6.15,2
54.35,-5.55,2
55,-7.19,2
64.09,-21.51,2
64.11,-51.44,1
76.34,-68.47,1
70.4,23.42,2
68.26,17.25,1
65.01,25.28,3
61.3,23.45,3
60.27,22.17,2
60.1,24.58,1
63.25,10.25,1
60.23,5.2,3
58.58,5.45,3
59.55,10.45,1
57.43,11.58,3
55.36,13,2
58.25,15.37,1
59.2,18.03,2
57.38,18.18,1
56.09,10.13,3
55.24,10.23,3
55.4,12.35,2
53.04,8.49,3
53.33,9.59,1
54.2,10.08,3
54.05,12.07,2
51.57,7.37,3
52.24,9.44,1
52.07,11.38,2
52.31,13.24,1
50.47,6.05,1
50.44,7.05,1
50.56,6.59,1
51.12,6.47,1
51.17,7.17,1
51.28,7.01,2
51.28,7.13,2
51.32,7.13,1
51.31,7.28,1
51.19,9.29,1
50.58,11.01,1
51.29,11.58,1
51.19,12.2,1
50.5,12.55,2
51.03,13.44,3
49.14,6.59,2
50.07,8.4,2
49.25,8.43,1
49.48,9.56,2
49.27,11.04,3
49.03,8.24,1
48.46,9.11,2
49.01,12.06,3
48.08,11.34,1
46.12,6.09,1
46.31,6.38,3
46.57,7.26,1
47.33,7.35,2
47.23,8.32,1
47.16,11.24,3
47.48,13.02,1
48.18,14.18,2
48.13,16.2,1
47.05,15.27,1
45.03,7.4,2
45.28,9.12,1
45.27,11,3
45.27,12.21,3
45.4,13.46,2
44.25,8.57,1
44.29,11.2,1
43.46,11.15,1
43.55,12.28,1
39.2,9,1
41.54,12.29,3
40.51,14.17,2
41.27,15.34,3
41.07,16.52,1
40.28,17.15,3
38.11,15.33,2
37.3,15.06,3
38.07,13.21,1
35.54,14.31,2
53.24,14.32,1
54.23,18.4,1
53.08,18,1
52.25,16.55,3
51.46,19.3,3
52.15,21,1
53.09,23.09,2
51.06,17,2
50.16,19,2
50.03,19.58,2
51.15,22.35,3
49.45,13.23,3
50.05,14.26,1
49.5,18.17,2
49.12,16.37,2
48.09,17.07,2
48.43,21.15,1
47.3,19.05,3
47.32,21.38,1
46.05,18.13,2
46.15,20.09,1
45.45,21.13,3
46.47,23.36,3
47.1,27.35,1
45.48,24.09,1
45.39,25.37,2
44.26,26.06,3
44.11,28.39,3
46.03,14.31,3
45.2,14.27,3
45.48,15.58,1
43.31,16.27,1
43.52,18.25,1
44.5,20.3,1
42.38,18.07,3
41.59,21.26,3
41.2,19.5,2
42.41,23.19,3
42.09,24.45,1
43.13,27.55,3
42.3,27.28,2
39.36,19.56,2
40.38,22.56,1
38.15,21.44,1
37.58,23.43,2
35.2,25.09,1
35.1,33.22,3