90,0,3
71.17,-156.47,3
64.51,-147.43,2
61.13,-149.53,3
58.2,-134.27,2
49.16,-123.07,1
53.33,-113.28,2
51.03,-114.05,1
50.25,-104.39,1
52.07,-106.38,2
49.53,-97.09,1
58.46,-94.1,1
43.39,-79.23,2
45.25,-75.42,3
45.31,-73.34,1
46.49,-71.14,2
44.39,-63.36,1
47.34,-52.43,2
47.36,-122.2,3
47.4,-117.23,2
38.35,-121.3,2
37.48,-122.24,2
34.03,-118.15,2
32.43,-117.09,2
40.46,-111.53,1
33.27,-112.05,2
39.43,-105.01,2
35.05,-106.4,3
31.45,-106.29,1
46.47,-92.06,2
44.59,-93.13,2
41.16,-95.57,3
39.07,-94.39,2
35.28,-97.32,1
32.47,-96.48,3
29.46,-95.22,2
43.02,-87.55,3
41.53,-87.38,1
38.39,-90.25,1
35.08,-90.03,2
29.58,-90.07,2
42.2,-83.03,1
40.26,-80,2
39.06,-84.31,3
33.45,-84.23,1
42.21,-71.04,1
40.43,-74.01,1
39.57,-75.07,2
38.54,-77.01,1
30.2,-81.4,1
25.46,-80.12,2
25.05,-77.21,1
28.38,-106.05,3
25.33,-103.26,1
25.4,-100.19,2
22.13,-97.51,2
22.09,-100.59,3
20.4,-103.2,3
19.24,-99.09,1
19.03,-98.12,1
19.2,-96.4,3
16.51,-99.55,1
17.03,-96.43,3
17.59,-92.55,1
20.58,-89.37,1
17.3,-88.12,3
14.38,-90.31,3
13.42,-89.12,2
14.06,-87.13,2
12.09,-86.17,3
9.56,-84.05,2
8.58,-79.32,1
23.08,-82.22,2
22.24,-79.58,3
20.01,-75.49,3
18,-76.48,3
18.32,-72.2,1
18.28,-69.54,1
18.28,-66.07,3
14.36,-61.05,1
13.06,-59.37,2
10.39,-61.31,3
12.06,-68.56,3
4.56,-52.2,3
5.5,-55.1,1
6.48,-58.1,2
10.3,-66.56,3
10.4,-71.37,3
10.59,-74.48,1
6.15,-75.35,2
4.36,-74.05,2
3.27,-76.31,1
-0.56,-91.01,1
-0.13,-78.3,2
-1.4,-78.38,2
-2.1,-79.5,3
-3.46,-73.15,1
-8.07,-79.02,1
-12.03,-77.03,2
-13.31,-71.59,1
-16.24,-71.33,3
-16.3,-68.09,2
-17.48,-63.1,1
-19.35,-65.45,3
-23.39,-70.24,1
-33.27,-70.4,1
-36.5,-73.03,2
-53.09,-70.55,1
-51.42,-57.51,3
-38.43,-62.17,1
-38,-57.33,3
-34.5,-56.12,2
-34.36,-58.27,1
-32.57,-60.4,2
-31.24,-64.11,1
-32.53,-68.49,3
-26.49,-65.13,2
-25.16,-57.4,2
-30.04,-51.11,1
-27.35,-48.34,2
-25.25,-49.15,1
-23.32,-46.37,2
-22.54,-43.14,1
-20.23,-43.3,2
-19.55,-43.56,2
-20.27,-54.37,3
-15.35,-56.05,3
-16.4,-49.16,2
-15.47,-47.55,3
-12.59,-38.31,3
-8.03,-34.54,2
-5.47,-35.13,1
-3.43,-38.3,3
-5.05,-42.49,2
-2.31,-44.16,2
-1.27,-48.29,2
-3.08,-60.01,1
-8.46,-63.54,2
14.55,-23.31,2
28.06,-15.24,3
32.38,-16.54,1
31.38,-8,3
33.39,-7.35,3
34.02,-6.51,3
34.05,-4.57,2
35.48,-5.45,3
35.43,-0.43,3
36.47,3.03,2
22.56,5.3,1
36.22,6.37,2
36.48,10.11,3
34.44,10.46,3
32.54,13.11,3
32.07,20.04,3
31.12,29.54,3
31.16,32.18,2
29.58,32.33,3
30.03,31.15,1
24.05,32.53,1
19.37,37.14,2
15.36,32.32,3
13.11,30.13,1
13.38,25.21,3
15.2,38.53,2
9,38.5,2
11.36,43.09,2
18.06,-15.57,2
14.4,-17.26,2
13.28,-16.39,3
11.51,-15.35,1
16.46,-3.01,3
12.39,-8,1
10.23,-9.18,3
9.31,-13.43,3
8.3,-13.15,2
6.18,-10.47,3
5.19,-4.02,3
6.41,-1.35,3
5.33,-0.13,2
6.08,1.13,1
6.29,2.37,2
12.22,-1.31,2
13.31,2.07,3
12,8.3,3
11.51,13.1,1
12.07,15.03,2
6.27,3.24,1
6.27,7.27,1
0.2,6.44,3
3.45,8.47,1
3.52,11.31,2
4.22,18.35,2
0.23,9.27,2
-4.16,15.17,2
-4.18,15.18,1
0.04,18.16,1
-5.54,22.25,3
0.3,25.12,2
-3.23,29.22,1
-1.57,30.04,3
0.19,32.25,1
-1.17,36.49,2
2.01,45.2,1
-4.03,39.4,2
-6.1,39.11,3
-6.48,39.17,2
-8.48,13.14,3
-12.44,15.47,1
-11.4,27.28,3
-12.49,28.13,3
-15.25,28.17,2
-20.09,28.36,3
-17.5,31.03,2
-15.47,35,3
-19.49,34.52,2
-25.58,32.35,2
-15.57,-5.42,3
-37.15,-12.3,1
-22.59,14.31,2
-22.34,17.06,1
-26.38,15.1,1
-24.45,25.55,2
-25.45,28.1,1
-26.15,28,2
-29.12,26.07,3
-29.55,30.56,3
-33,27.55,2
-33.58,25.4,3
-33.55,18.22,3
-23.21,43.4,1
-18.55,47.31,2
-12.16,49.17,2
-20.1,57.3,1
-4.38,55.27,2
37.44,-25.4,1
38.43,-9.08,2
41.11,-8.36,3
37.23,-5.59,1
36.32,-6.18,3
36.43,-4.25,2
37.13,-3.41,3
37.53,-4.46,3
38.21,-0.29,2
39.28,-0.22,1
41.23,2.11,2
41.38,-0.53,2
40.24,-3.41,2
41.39,-4.43,1
43.15,-2.58,1
43.22,-8.23,2
38.54,1.26,2
39.34,2.39,2
42.3,1.31,3
44.5,-0.34,1
43.36,1.26,2
43.18,5.24,2
43.42,7.15,2
43.42,7.23,3
42.42,9.27,1
45.5,1.16,2
45.26,4.24,3
45.45,4.51,2
45.1,5.43,1
48.24,-4.29,3
48.05,-1.41,3
47.13,-1.33,2
47.23,0.41,3
49.3,0.08,2
48.52,2.2,1
49.15,4.02,1
47.19,5.01,2
48.41,6.12,3
48.35,7.45,2
49.36,6.09,2
50.38,5.34,2
50.5,4.2,1
50.38,3.04,1
51.03,3.43,1
51.13,4.25,2
51.26,5.28,2
51.55,4.28,2
52.22,4.54,1
52.05,5.08,1
53.13,6.33,1
50.23,-4.1,3
50.43,-1.54,2
50.5,-0.08,2
51.29,-3.13,3
51.27,-2.35,1
51.3,-0.1,3
52.3,-1.5,2
53.25,-2.55,3
53.3,-2.15,2
53.23,-1.3,1
53.5,-1.35,1
54.59,-1.35,3
55.57,-3.13,1
55.53,-4.15,2
56.28,-3,1
57.1,-2.04,3
60.09,-1.09,2
62.01,-6.46,1
51.54,-8.28,1
52.4,-8.38,3
53.2,-6.15,3
54.35,-5.55,1
55,-7.19,2
64.09,-21.51,3
64.11,-51.44,2
76.34,-68.47,1
70.4,23.42,2
68.26,17.25,2
65.01,25.28,2
61.3,23.45,2
60.27,22.17,3
60.1,24.58,2
63.25,10.25,2
60.23,5.2,2
58.58,5.45,3
59.55,10.45,2
57.43,11.58,1
55.36,13,1
58.25,15.37,1
59.2,18.03,2
57.38,18.18,1
56.09,10.13,2
55.24,10.23,1
55.4,12.35,3
53.04,8.49,2
53.33,9.59,2
54.2,10.08,3
54.05,12.07,2
51.57,7.37,2
52.24,9.44,2
52.07,11.38,1
52.31,13.24,2
50.47,6.05,1
50.44,7.05,2
50.56,6.59,2
51.12,6.47,1
51.17,7.17,2
51.28,7.01,1
51.28,7.13,2
51.32,7.13,2
51.31,7.28,2
51.19,9.29,3
50.58,11.01,1
51.29,11.58,1
51.19,12.2,3
50.5,12.55,3
51.03,13.44,3
49.14,6.59,3
50.07,8.4,3
49.25,8.43,3
49.48,9.56,2
49.27,11.04,2
49.03,8.24,3
48.46,9.11,2
49.01,12.06,2
48.08,11.34,3
46.12,6.09,3
46.31,6.38,1
46.57,7.26,2
47.33,7.35,2
47.23,8.32,3
47.16,11.24,1
47.48,13.02,2
48.18,14.18,1
48.13,16.2,3
47.05,15.27,3
45.03,7.4,1
45.28,9.12,2
45.27,11,1
45.27,12.21,3
45.4,13.46,3
44.25,8.57,3
44.29,11.2,1
43.46,11.15,2
43.55,12.28,1
39.2,9,2
41.54,12.29,3
40.51,14.17,1
41.27,15.34,3
41.07,16.52,1
40.28,17.15,3
38.11,15.33,1
37.3,15.06,2
38.07,13.21,3
35.54,14.31,2
53.24,14.32,3
54.23,18.4,2
53.08,18,2
52.25,16.55,1
51.46,19.3,2
52.15,21,3
53.09,23.09,1
51.06,17,3
50.16,19,1
50.03,19.58,2
51.15,22.35,1
49.45,13.23,2
50.05,14.26,3
49.5,18.17,3
49.12,16.37,1
48.09,17.07,3
48.43,21.15,3
47.3,19.05,1
47.32,21.38,2
46.05,18.13,1
46.15,20.09,1
45.45,21.13,2
46.47,23.36,2
47.1,27.35,2
45.48,24.09,2
45.39,25.37,1
44.26,26.06,2
44.11,28.39,3
46.03,14.31,3
45.2,14.27,1
45.48,15.58,2
43.31,16.27,3
43.52,18.25,2
44.5,20.3,3
42.38,18.07,1
41.59,21.26,1
41.2,19.5,3
42.41,23.19,1
42.09,24.45,2
43.13,27.55,1
42.3,27.28,2
39.36,19.56,2
40.38,22.56,3
38.15,21.44,1
37.58,23.43,3
35.2,25.09,1
35.1,33.22,3
68.58,33.05,3
64.34,40.32,1
59.55,30.15,2
59.25,24.45,3
56.57,24.06,2
54.43,20.3,1
54.41,25.19,2
53.54,27.34,1
49.5,24,3
50.26,30.31,2
46.28,30.44,1
55.45,37.35,3
56.2,44,1
55.45,49.08,2
53.12,50.09,3
51.4,39.1,3
50,36.15,1
48.27,34.59,2
44.36,33.32,2
47.14,39.42,2
48.44,44.25,1
46.21,48.03,3
41.43,44.49,3
40.11,44.3,1
40.23,49.51,2
58,56.15,2
56.51,60.36,1
67.27,63.58,2
69.2,88.06,1
55,73.24,3
55.02,82.55,2
56.01,92.5,2
49.5,73.1,2
43.15,76.57,1
41.2,69.18,2
39.4,66.48,1
38.35,68.48,2
43.48,87.35,2
52.16,104.2,2
47.55,106.53,2
52.03,113.3,3
62.13,129.49,3
64.45,177.29,3
53.01,158.39,1
59.34,150.48,3
50.17,127.32,3
50.35,137.02,1
48.27,135.06,1
46.58,142.42,1
43.1,131.56,3
41.01,28.58,2
38.25,27.09,2
39.56,32.52,1
38.43,35.3,1
39.45,37.02,1
39.55,41.17,1
37.55,40.14,3
37.01,35.18,1
36.12,37.1,1
34.44,36.43,3
33.3,36.18,3
33.53,35.3,1
31.57,35.56,3
32.5,35,3
32.04,34.46,2
31.46,35.14,1
24.28,39.36,1
21.3,39.12,1
21.27,39.49,1
15.23,44.12,1
14.48,42.57,1
12.45,45.12,2
14.32,49.08,1
23.37,58.35,1
25.18,55.18,3
25.17,51.32,3
26.13,50.35,2
24.38,46.43,3
29.2,47.59,1
30.3,47.47,3
33.21,44.25,3
35.28,44.28,3
36.2,43.08,1
38.05,46.18,2
37.16,49.36,2
35.4,51.26,3
34.19,47.04,1
30.2,48.16,2
32.4,51.38,3
29.36,52.32,3
30.17,57.05,2
36.18,59.36,3
34.2,62.12,1
31.32,65.3,2
34.31,69.12,2
33.36,73.04,1
31.35,74.18,1
31.25,73.05,2
30.11,71.29,3
30.12,67,1
27.42,68.52,3
25.22,68.22,2
24.52,67.03,1
30.19,78.02,1
28.4,77.13,2
26.17,73.02,3
26.55,75.49,3
26.28,80.21,1
25.2,83,3
25.36,85.07,2
22.32,88.22,3
23.02,72.37,1
21.09,79.06,2
20.3,85.5,3
18.58,72.5,2
17.23,78.29,3
17.42,83.18,2
15.21,75.1,2
12.59,77.35,1
13.05,80.17,3
10.49,78.41,2
9.56,78.07,1
6.56,79.51,2
27.43,85.19,1
27.28,89.39,2
23.43,90.25,2
22.2,91.5,3
22,96.05,3
16.47,96.1,1
18.47,98.59,3
19.52,102.08,2
17.58,102.36,3
21.02,105.51,1
16.28,107.36,2
16.04,108.13,3
10.45,106.4,3
11.33,104.55,3
13.45,100.31,2
5.25,100.2,1
3.1,101.42,3
1.17,103.51,3
3.35,98.4,2
-0.57,100.21,1
-2.55,104.45,1
-6.1,106.48,2
-6.54,107.36,3
-7.48,110.22,2
-7.15,112.45,1
-8.39,115.13,3
-10.1,123.35,1
-3.2,114.35,2
1.33,110.2,3
4.56,114.55,2
-0.3,117.09,3
-5.07,119.24,1
1.29,124.51,3
-3.43,128.12,2
-5.4,132.45,3
7.04,125.36,1
10.18,123.54,3
10.42,122.34,3
14.35,121,3
22.17,114.09,3
22.38,120.17,2
25.03,121.3,1
29.4,91.09,1
36.03,103.41,3
34.15,108.52,2
30.39,104.04,1
29.39,106.34,1
25.05,102.4,1
23.06,113.16,1
26.06,119.17,2
30.36,114.17,3
32.03,118.47,2
31.14,121.28,3
34.48,113.39,3
36.06,120.19,3
37.55,112.3,2
39.08,117.12,2
39.55,116.25,1
38.53,121.35,1
41.48,123.27,2
45.45,126.41,3
39.01,125.45,3
37.33,126.58,2
35.06,129.03,1
43.03,141.21,3
39.43,140.07,3
38.15,140.53,2
35.42,139.46,3
35.1,136.55,1
36.34,136.39,2
35,135.45,2
34.4,135.3,2
34.24,132.27,1
32.48,129.55,1
31.36,130.33,3
26.13,127.4,3
13.28,144.47,2
-2.32,140.42,1
-4.12,152.12,3
-9.3,147.1,3
-12.28,130.5,1
-31.56,115.5,1
-34.55,138.35,2
-37.49,144.58,1
-42.53,147.19,3
-33.52,151.13,2
-27.28,153.02,3
-19.16,146.48,2
-23.42,133.53,3
-45.52,170.3,1
-43.32,172.38,3
-41.18,174.47,2
-36.52,174.46,1
-21.08,-175.12,2
-14.16,-170.42,1
-18.08,178.25,3
-22.16,166.27,2
-9.26,159.57,2
-0.32,166.55,2
11.35,165.23,3
21.19,-157.52,2
1.52,-157.2,3
-9.45,-139,1
-17.32,-149.34,1
-25.04,-130.06,3
-27.07,-109.22,3
-90,0,3