1639,2156,2
1875,2925,3
2150,2925,3
2425,2925,1
2525,2675,2
2525,2575,1
2525,2375,3
2525,2275,3
2525,2175,2
2786,2148,1
2786,2249,3
2786,2352,1
2785,2451,1
2785,2552,1
2787,2651,1
2925,2925,2
3198,2925,2
3475,2925,1
3725,2925,1
3675,2675,3
3675,2575,1
3675,2375,2
3675,2275,3
3675,2175,3
4189,2156,1
4190,2256,1
4190,2355,2
4189,2456,1
4189,2556,1
4190,2656,1
4275,2975,3
4425,2925,3
4700,2925,1
4975,2925,1
5075,2675,1
5075,2575,1
5075,2375,3
5075,2275,3
5075,2175,1
5336,2148,1
5336,2249,1
5336,2352,2
5335,2451,1
5335,2552,3
5337,2651,3
5475,2925,2
5748,2925,1
6025,2925,3
6275,2925,2
6225,2675,1
6225,2575,1
6225,2375,3
6225,2275,3
6225,2175,3
6739,2156,3
6740,2256,2
6740,2355,1
6739,2456,2
6739,2556,1
6740,2656,2
6825,2975,2
6975,2925,1
7250,2925,3
7525,2925,3
7625,2675,2
7625,2575,2
7625,2375,2
7625,2275,3
7625,2175,1
7886,2148,1
7886,2249,1
7886,2352,1
7885,2451,1
7885,2552,1
7887,2651,1
8025,2925,2
8298,2925,3
8575,2925,2
8825,2925,1
8775,2675,2
8775,2575,1
8775,2375,1
8775,2275,1
8775,2175,3
9289,2156,1
9290,2256,2
9290,2355,2
9289,2456,3
9289,2556,2
9290,2656,1
9375,2975,2
9525,2925,3
9800,2925,3
10075,2925,3
10175,2675,2
10175,2575,3
10175,2375,2
10175,2275,2
10175,2175,1
10436,2148,1
10436,2249,2
10436,2352,2
10435,2451,3
10435,2552,3
10437,2651,3
10575,2925,2
10848,2925,2
11125,2925,3
11325,2175,3
11325,2275,1
11325,2375,3
11325,2575,1
11325,2675,2
11375,2925,3
11375,3125,1
11400,3225,3
11400,3325,2
11400,3475,1
11400,3625,3
11300,3825,3
11125,3825,2
11125,3925,3
11025,3975,1
10925,3975,2
10925,3875,2
10550,3925,2
10550,3725,2
10550,3325,2
10100,3325,1
10100,3725,1
10100,3925,3
9725,3875,2
9725,3975,2
9625,3975,2
9550,3875,2
9425,3875,3
9275,3900,1
9250,3700,1
9250,3575,2
9250,3475,1
9250,3375,3
9250,3275,2
8825,3125,3
8850,3225,1
8850,3325,1
8850,3475,2
8850,3625,3
8750,3825,2
8575,3825,3
8575,3925,3
8475,3975,3
8375,3875,1
8375,3975,3
8400,4125,3
8300,4175,2
8400,4275,3
8500,4175,1
8675,4325,1
8775,4425,2
8825,4325,3
9275,4275,3
9375,4275,1
9325,4375,2
9400,4450,1
9400,4550,3
9325,4500,2
9215,4560,1
9215,4710,2
9375,4775,3
9215,4860,1
9215,5010,2
9215,5160,3
9215,5310,3
9215,5460,1
9215,5610,3
9475,5675,3
9475,5525,3
9475,5425,1
9475,5275,1
9475,5025,3
9575,5075,2
9725,5075,2
9675,4975,3
9575,4925,1
9525,4775,1
9600,4675,1
9625,4775,2
9775,4775,2
9975,4600,3
9875,4600,1
9800,4525,1
9700,4525,2
9700,4425,1
9800,4425,1
9800,4325,1
9700,4275,2
9600,4175,3
9700,4125,1
9800,4175,2
9875,4275,1
9975,4275,2
10075,4175,2
10275,4175,2
10375,4175,3
10575,4175,1
10675,4275,3
10775,4275,2
10850,4325,1
10850,4425,2
10850,4525,2
10775,4575,1
10675,4575,3
10875,4775,3
11025,4775,3
11175,4725,3
11050,4675,2
10950,4500,3
10950,4400,3
10950,4275,1
10850,4175,2
10950,4125,3
11050,4175,1
11225,4325,3
11375,4325,1
11325,4425,2
11325,4575,2
11325,4675,3
11325,4775,3
11325,4925,3
11450,4925,1
11450,5075,3
11422,5204,3
11425,5325,3
11325,5275,3
11325,5375,1
11175,5375,3
11175,5275,1
11125,5175,2
11100,5025,3
10975,4975,1
10925,5075,1
10950,5175,3
10900,5275,3
10900,5375,2
10800,5175,1
10525,5175,1
10325,5175,3
10325,5025,1
10425,5075,2
10475,4975,3
10325,4875,1
10175,4975,3
10225,5075,3
10125,5175,2
9975,5175,1
10050,5250,1
10050,5350,1
10025,5450,2
10175,5450,2
10325,5450,2
10475,5450,3
10575,5450,2
10675,5450,2
10525,6025,2
10525,6125,1
10675,6125,3
10825,6025,2
11025,6050,1
11224,5908,1
11400,5975,3
11400,6375,2
11400,6575,3
11175,6575,1
11025,6450,2
10975,6675,3
11075,6775,3
10975,6875,3
11175,6975,3
11375,6975,3
11325,7075,3
11400,7150,2
11125,7150,2
10975,7150,3
10875,7325,3
10925,7425,1
11075,7425,2
11175,7475,3
11075,7575,3
11175,7625,3
11175,7725,2
11025,7725,3
11025,7825,3
11175,7825,3
11325,7875,1
11425,7925,3
11425,8075,3
11325,8075,2
11275,8175,1
11425,8225,2
11425,8375,2
11275,8325,3
11175,8325,2
11075,8225,1
10975,8225,2
10925,7975,2
10775,7825,3
10825,7600,3
10725,7575,2
10775,7425,3
10675,7425,1
10525,7425,3
10525,7575,2
10450,7750,1
10300,7750,2
10425,7875,1
10525,7925,3
10575,7825,2
10625,7975,3
10725,7975,2
10725,8075,3
10625,8125,3
10525,8075,3
10425,8025,2
10425,8125,2
10250,8225,1
10150,8225,1
10225,8125,3
10275,7975,3
10125,7975,2
10000,7875,2
10000,7775,2
9825,7825,1
9625,7725,1
9475,7725,2
9425,7625,2
9575,7625,1
9625,7475,2
9725,7575,1
9825,7475,2
10025,7525,3
9975,7425,3
9925,7275,3
9825,7075,1
9625,7075,2
9725,6975,2
9875,6775,1
9725,6775,1
9575,6825,1
9575,6675,1
9725,6425,3
9625,6200,2
9725,6025,3
9625,6000,1
9225,6375,1
9225,6525,3
9375,6525,2
9375,6675,3
9225,6675,2
9225,6875,1
9225,7075,1
9226,7259,2
9225,7260,2
9226,7409,2
9225,7410,1
9225,7560,1
9226,7560,2
9225,7710,3
9225,7711,1
9325,7825,1
9225,7875,1
9225,7975,3
9225,8075,1
9225,8175,3
9225,8275,2
9225,8375,3
9225,8475,2
9275,8825,1
9475,8825,2
9578,8820,1
9847,8703,1
9875,8825,1
10025,8725,1
10075,8825,3
10175,8725,2
10100,8575,2
10250,8375,3
10250,8475,2
10250,8625,3
10475,8775,1
10575,8775,2
10675,8775,1
10775,8775,3
10925,8775,2
10875,8625,3
10875,8525,3
10975,8575,3
11175,8475,1
11275,8425,1
11350,8575,3
11450,8675,2
11350,8775,2
11325,9325,1
11325,9425,1
11325,9525,2
11325,9725,3
11325,9825,1
11125,10075,3
11375,10075,2
11375,10275,2
11400,10375,2
11400,10475,2
11400,10625,3
11400,10775,2
11300,10975,3
11125,10975,1
11125,11075,1
11025,11125,2
10925,11125,3
10925,11025,3
10550,10875,3
10550,11075,3
10275,11325,2
10375,11325,1
10575,11325,1
10675,11425,2
10775,11425,3
10850,11475,2
10850,11575,1
10850,11675,3
10775,11725,3
10675,11725,3
10875,11925,2
11025,11925,3
11175,11875,1
11050,11825,1
10950,11650,1
10950,11550,3
10950,11425,3
10850,11325,1
10950,11275,2
11050,11325,1
11225,11475,3
11375,11475,3
11325,11575,2
11325,11725,1
11325,11825,1
11325,11925,2
11325,12075,3
11450,12075,2
11450,12225,3
11422,12354,1
11425,12475,1
11325,12425,3
11325,12525,2
11175,12525,3
11175,12425,3
11125,12325,3
11100,12175,2
10975,12125,2
10925,12225,1
10950,12325,3
10900,12425,2
10900,12525,2
10800,12325,3
10525,12325,2
10425,12225,3
10475,12125,1
10325,12025,3
10175,12125,2
10225,12225,3
10325,12175,2
10325,12325,2
10125,12325,1
9975,12325,2
10050,12400,1
10050,12500,1
10025,12600,2
10175,12600,2
10325,12600,1
10475,12600,3
10575,12600,2
10675,12600,3
10525,13175,1
10525,13275,2
10675,13275,2
10825,13175,2
11025,13200,1
11224,13058,3
11400,13125,3
11400,13525,1
11400,13725,1
11175,13725,2
11025,13600,2
10975,13825,1
11075,13925,1
10975,14025,2
11175,14125,1
11375,14125,3
11325,14225,3
11400,14300,1
11125,14300,1
10975,14300,3
10875,14475,1
10925,14575,2
10825,14750,3
10725,14725,3
10775,14575,2
10675,14575,2
10525,14575,3
10525,14725,1
10450,14900,1
10300,14900,3
10425,15025,3
10425,15175,3
10425,15275,3
10525,15225,3
10625,15275,2
10725,15225,3
10725,15125,2
10625,15125,1
10525,15075,3
10575,14975,1
10775,14975,1
10925,15125,3
11025,14975,1
11025,14875,1
11075,14725,3
11075,14575,3
11175,14625,2
11175,14775,2
11175,14875,3
11175,14975,2
11325,15025,3
11425,15075,1
11425,15225,2
11325,15225,2
11275,15325,3
11425,15375,2
11425,15525,1
11350,15725,1
11450,15825,1
11350,15925,2
11175,15625,1
11275,15575,2
11275,15475,2
11175,15475,1
11075,15375,1
10975,15375,1
10875,15675,3
10975,15725,3
10875,15775,2
10925,15925,2
10775,15925,1
10675,15925,2
10575,15925,2
10475,15925,3
10250,15775,1
10175,15875,3
10075,15975,3
9875,15975,1
9847,15853,3
10025,15875,3
10100,15725,3
10250,15625,3
10250,15525,1
10250,15375,1
10150,15375,2
10225,15275,2
10275,15125,1
10125,15125,2
10000,15025,2
10000,14925,2
9825,14975,2
9625,14875,3
9475,14875,1
9425,14775,3
9575,14775,2
9625,14625,2
9725,14725,2
9825,14625,2
10025,14675,1
9975,14575,3
9925,14425,2
9825,14225,3
9625,14225,2
9725,14125,3
9875,13925,3
9725,13925,2
9575,13975,1
9575,13825,3
9725,13575,3
9625,13350,3
9725,13175,1
9625,13150,1
9225,13525,2
9225,13675,2
9375,13675,1
9375,13825,2
9225,13825,3
9225,14025,3
9225,14225,3
9226,14409,2
9225,14410,3
9226,14559,1
9225,14560,2
9225,14710,2
9226,14710,3
9225,14860,3
9225,14861,3
9325,14975,2
9225,15025,2
9225,15125,1
9225,15225,2
9225,15325,2
9225,15425,1
9225,15525,3
9225,15625,2
9578,15970,3
9475,15975,2
9275,15975,2
8900,15825,2
8800,15925,3
8800,15725,3
8725,15575,1
8625,15625,1
8425,15725,3
8325,15675,2
8325,15775,2
8375,15925,2
8225,15925,3
8125,15925,1
8025,15925,2
7925,15925,1
7700,15775,2
7700,15625,1
7700,15525,1
7550,15725,1
7625,15875,2
7525,15975,3
7475,15875,1
7325,15975,3
7297,15853,1
7028,15970,3
6925,15975,3
6725,15975,3
6675,15625,2
6675,15525,2
6675,15425,2
6675,15325,2
6675,15225,1
6675,15125,2
6675,15025,3
6775,14975,2
6675,14861,1
6675,14860,2
6676,14710,3
6675,14710,1
6675,14560,3
6676,14559,2
6675,14410,1
6676,14409,2
6675,14225,1
6675,14025,2
6675,13825,3
6825,13825,3
6825,13675,1
6675,13675,3
6675,13525,3
7075,13150,2
7175,13175,2
7075,13350,1
7175,13575,2
7025,13825,1
7025,13975,1
7175,13925,3
7325,13925,3
7175,14125,3
7075,14225,3
7275,14225,1
7375,14425,2
7425,14575,1
7475,14675,3
7275,14625,1
7175,14725,1
7075,14625,1
7025,14775,2
6875,14775,1
6925,14875,3
7075,14875,1
7275,14975,1
7450,14925,2
7450,15025,3
7575,15125,2
7725,15125,3
7675,15275,2
7600,15375,3
7700,15375,1
7875,15275,1
7875,15175,1
7975,15225,3
8075,15275,3
8175,15225,1
8175,15125,2
8075,15125,2
8025,14975,3
7975,15075,1
7875,15025,2
7750,14900,2
7900,14900,2
7975,14725,1
7975,14575,2
8125,14575,1
8225,14575,3
8175,14725,1
8275,14750,3
8225,14975,2
8375,15125,2
8425,15375,3
8525,15375,3
8625,15475,1
8725,15475,2
8875,15525,2
8875,15375,2
8725,15325,2
8775,15225,3
8875,15225,2
8875,15075,3
8775,15025,2
8625,14975,2
8475,14975,1
8475,14875,1
8625,14875,3
8625,14775,3
8525,14725,1
8625,14625,2
8525,14575,3
8375,14575,3
8325,14475,2
8425,14300,2
8575,14300,3
8850,14300,1
8775,14225,3
8825,14125,1
8625,14125,3
8425,14025,3
8525,13925,3
8425,13825,3
8475,13600,1
8625,13725,2
8850,13725,1
8850,13525,2
8850,13125,1
8674,13058,3
8475,13200,1
8275,13175,2
8125,13275,2
7975,13275,1
7975,13175,2
8125,12600,3
8025,12600,2
7925,12600,2
7775,12600,1
7625,12600,1
7475,12600,1
7500,12500,1
7500,12400,3
7425,12325,2
7575,12325,2
7675,12225,2
7625,12125,2
7775,12025,1
7925,12125,1
7875,12225,1
7775,12175,1
7775,12325,1
7975,12325,2
8250,12325,3
8350,12525,2
8350,12425,3
8400,12325,2
8375,12225,2
8425,12125,1
8550,12175,2
8575,12325,3
8625,12425,1
8625,12525,1
8775,12525,3
8775,12425,2
8875,12475,2
8872,12354,1
8900,12225,3
8900,12075,2
8775,12075,2
8775,11925,3
8775,11825,2
8775,11725,2
8775,11575,3
8825,11475,2
8675,11475,2
8500,11325,3
8400,11275,3
8300,11325,2
8400,11425,3
8400,11550,2
8400,11650,3
8500,11825,1
8625,11875,1
8475,11925,3
8325,11925,3
8125,11725,2
8225,11725,1
8300,11675,3
8300,11575,1
8300,11475,3
8225,11425,2
8125,11425,2
8025,11325,3
7825,11325,1
7725,11325,3
7525,11325,3
7425,11425,3
7325,11425,3
7250,11325,1
7150,11275,1
7050,11325,1
7150,11425,2
7250,11475,3
7250,11575,1
7150,11575,3
7150,11675,1
7250,11675,1
7325,11750,3
7425,11750,2
7225,11925,1
7075,11925,1
7050,11825,2
6975,11925,3
7025,12075,3
7125,12125,2
7175,12225,2
7025,12225,1
6925,12175,3
6925,12425,2
6925,12575,1
6925,12675,2
6925,12825,3
6665,12760,3
6665,12610,2
6665,12460,2
6665,12310,1
6665,12160,3
6665,12010,3
6825,11925,1
6665,11860,3
6665,11710,1
6775,11650,1
6850,11700,3
6850,11600,3
6775,11525,2
6825,11425,3
6725,11425,1
6275,11475,2
6225,11575,1
6125,11475,2
5950,11325,3
5850,11425,2
5750,11325,3
5850,11275,3
5825,11125,1
5825,11025,1
5925,11125,3
6025,11075,1
6025,10975,1
6200,10975,3
6300,10775,3
6300,10625,2
6300,10475,1
6300,10375,1
6275,10275,2
6700,10425,1
6700,10525,2
6700,10625,1
6700,10725,1
6700,10850,3
6725,11050,1
6875,11025,1
7000,11025,3
7075,11125,2
7175,11125,1
7175,11025,1
7550,11075,2
7550,10875,1
7550,10475,2
8000,10475,2
8000,10875,3
8000,11075,3
8375,11025,2
8375,11125,2
8475,11125,3
8575,11075,3
8575,10975,1
8750,10975,2
8850,10775,3
8850,10625,3
8850,10475,2
8850,10375,2
8825,10275,2
9250,10425,2
9250,10525,3
9250,10625,2
9250,10725,2
9250,10850,3
9275,11050,2
9425,11025,1
9550,11025,1
9625,11125,2
9725,11025,1
9725,11125,3
9700,11275,3
9800,11325,3
9700,11425,1
9600,11325,2
9375,11425,2
9275,11425,3
9325,11525,2
9400,11600,2
9400,11700,1
9325,11650,1
9215,11710,2
9215,11860,2
9375,11925,2
9215,12010,3
9215,12160,2
9215,12310,3
9215,12460,2
9215,12610,1
9215,12760,3
9475,12825,1
9475,12675,3
9475,12575,1
9475,12425,1
9475,12175,1
9575,12225,3
9725,12225,1
9675,12125,3
9575,12075,3
9525,11925,1
9600,11825,1
9625,11925,3
9775,11925,3
9975,11750,2
9875,11750,1
9800,11675,3
9700,11675,2
9700,11575,2
9800,11575,3
9800,11475,1
9875,11425,3
9975,11425,2
10075,11325,2
10100,11075,1
10100,10875,3
10100,10475,1
10550,10475,1
10848,10075,1
10575,10075,3
10437,9801,2
10435,9702,1
10435,9601,3
10436,9502,3
10436,9399,3
10436,9298,1
10175,9325,2
10175,9425,1
10175,9525,2
10175,9725,3
10175,9825,1
10075,10075,1
9800,10075,3
9525,10075,1
9375,10125,3
9290,9806,2
9289,9706,3
9289,9606,3
9290,9505,3
9290,9406,2
9289,9306,3
8775,9325,2
8775,9425,1
8775,9525,1
8775,9725,3
8775,9825,2
8825,10075,2
8575,10075,3
8298,10075,2
8025,10075,3
7887,9801,1
7885,9702,2
7885,9601,2
7886,9502,3
7886,9399,1
7886,9298,2
7625,9325,3
7625,9425,2
7625,9525,3
7625,9725,3
7625,9825,2
7525,10075,3
7250,10075,2
6975,10075,1
6825,10125,2
6740,9806,1
6739,9706,3
6739,9606,1
6740,9505,2
6740,9406,2
6739,9306,3
7028,8820,3
6925,8825,3
6725,8825,2
6675,8475,2
6675,8375,1
6675,8275,2
6675,8175,2
6675,8075,3
6675,7975,3
6675,7875,3
6775,7825,3
6675,7711,2
6675,7710,3
6676,7560,2
6675,7560,1
6675,7410,3
6676,7409,3
6675,7260,2
6676,7259,2
6675,7075,3
6675,6875,3
6675,6675,3
6825,6675,1
6825,6525,1
6675,6525,1
6675,6375,3
7075,6000,3
7175,6025,1
7075,6200,3
7175,6425,1
7025,6675,1
7025,6825,3
7175,6775,2
7325,6775,3
7175,6975,3
7075,7075,3
7275,7075,1
7375,7275,3
7425,7425,2
7475,7525,1
7275,7475,3
7175,7575,1
7075,7475,1
7025,7625,1
6875,7625,1
6925,7725,3
7075,7725,3
7275,7825,1
7450,7775,2
7450,7875,1
7575,7975,1
7725,7975,1
7675,8125,3
7600,8225,1
7700,8225,3
7700,8375,1
7700,8475,3
7550,8575,3
7475,8725,3
7297,8703,2
7325,8825,1
7525,8825,2
7625,8725,3
7700,8625,2
7925,8775,1
8025,8775,2
8125,8775,2
8225,8775,1
8375,8775,3
8325,8625,3
8425,8575,2
8325,8525,2
8425,8225,2
8525,8225,3
8625,8325,1
8725,8325,2
8725,8425,1
8625,8475,2
8800,8775,3
8900,8675,2
8800,8575,3
8875,8375,2
8875,8225,1
8725,8175,3
8775,8075,1
8875,8075,2
8875,7925,2
8775,7875,1
8625,7825,3
8625,7725,2
8625,7625,1
8625,7475,1
8525,7425,3
8525,7575,1
8475,7725,3
8475,7825,3
8375,7975,2
8225,7825,3
8025,7825,3
7975,7925,1
8075,7975,1
8175,7975,2
8175,8075,3
8075,8125,2
7975,8075,2
7875,8125,1
7875,8025,1
7875,7875,3
7750,7750,3
7900,7750,1
7975,7575,1
7975,7425,3
8125,7425,3
8225,7425,2
8175,7575,2
8275,7600,3
8375,7425,1
8325,7325,1
8425,7150,3
8575,7150,3
8850,7150,1
8775,7075,1
8825,6975,2
8625,6975,2
8425,6875,2
8525,6775,2
8425,6675,3
8475,6450,3
8625,6575,1
8850,6575,2
8850,6375,1
8850,5975,2
8674,5908,3
8475,6050,3
8275,6025,2
8125,6125,3
7975,6125,2
7975,6025,2
8125,5450,3
8025,5450,1
7925,5450,2
7775,5450,2
7625,5450,2
7475,5450,3
7500,5350,3
7500,5250,2
7425,5175,2
7575,5175,3
7675,5075,2
7625,4975,1
7775,4875,2
7925,4975,2
7875,5075,2
7775,5025,2
7775,5175,3
7975,5175,3
8250,5175,2
8350,5375,3
8350,5275,3
8400,5175,3
8375,5075,3
8425,4975,2
8550,5025,3
8575,5175,2
8625,5275,2
8625,5375,2
8775,5375,3
8775,5275,2
8875,5325,3
8872,5204,3
8900,5075,2
8900,4925,3
8775,4925,1
8775,4775,2
8775,4675,2
8775,4575,3
8625,4725,2
8500,4675,2
8475,4775,1
8325,4775,2
8125,4575,2
8225,4575,2
8300,4525,1
8400,4500,2
8400,4400,1
8300,4425,3
8300,4325,2
8225,4275,2
8125,4275,2
8025,4175,3
8000,3925,2
8000,3725,2
8000,3325,1
7550,3325,2
7550,3725,1
7550,3925,1
7825,4175,1
7725,4175,3
7525,4175,3
7425,4275,1
7325,4275,3
7250,4325,1
7250,4425,3
7150,4425,3
7150,4525,1
7250,4525,2
7325,4600,3
7425,4600,1
7225,4775,3
7075,4775,3
7050,4675,1
6975,4775,1
7025,4925,2
7125,4975,2
7175,5075,1
7025,5075,1
6925,5025,1
6925,5275,2
6925,5425,1
6925,5525,3
6925,5675,1
6665,5610,3
6665,5460,1
6665,5310,2
6665,5160,3
6665,5010,1
6665,4860,1
6825,4775,2
6665,4710,3
6665,4560,2
6775,4500,1
6850,4550,3
6850,4450,1
6775,4375,3
6725,4275,2
6825,4275,3
7050,4175,1
7150,4275,1
7250,4175,3
7150,4125,3
7175,3975,3
7175,3875,1
7075,3975,3
7000,3875,1
6875,3875,3
6725,3900,3
6700,3700,1
6700,3575,2
6700,3475,2
6700,3375,1
6700,3275,1
6275,3125,1
6300,3225,2
6300,3325,2
6300,3475,3
6300,3625,3
6200,3825,2
6025,3825,2
6025,3925,2
5925,3975,2
5825,3975,1
5825,3875,2
5450,3925,3
5450,3725,2
5450,3325,1
5000,3325,1
5000,3725,2
5000,3925,3
4625,3875,3
4625,3975,3
4525,3975,3
4450,3875,2
4325,3875,1
4175,3900,1
4150,3700,3
4150,3575,3
4150,3475,3
4150,3375,2
4150,3275,3
3725,3125,3
3750,3225,1
3750,3325,1
3750,3475,1
3750,3625,2
3650,3825,3
3475,3825,1
3475,3925,1
3375,3975,3
3275,3875,1
3275,3975,3
3300,4125,3
3200,4175,1
3300,4275,2
3400,4175,1
3575,4325,2
3675,4425,1
3725,4325,2
4175,4275,2
4275,4275,3
4225,4375,3
4300,4450,1
4300,4550,2
4225,4500,1
4115,4560,3
4115,4710,2
4275,4775,2
4115,4860,2
4115,5010,2
4115,5160,1
4115,5310,1
4115,5460,2
4115,5610,1
4375,5675,3
4375,5525,3
4375,5425,3
4375,5275,2
4375,5025,1
4475,5075,2
4625,5075,2
4575,4975,3
4475,4925,2
4425,4775,1
4500,4675,2
4525,4775,3
4675,4775,1
4875,4600,3
4775,4600,1
4700,4525,2
4600,4525,3
4600,4425,3
4700,4425,2
4700,4325,3
4600,4275,3
4500,4175,3
4600,4125,1
4700,4175,2
4775,4275,1
4875,4275,1
4975,4175,1
5175,4175,2
5275,4175,1
5475,4175,3
5575,4275,2
5675,4275,2
5750,4325,3
5750,4425,1
5750,4525,2
5675,4575,2
5575,4575,3
5775,4775,2
5925,4775,2
6075,4725,3
5950,4675,3
5850,4500,2
5850,4400,3
5850,4275,1
5750,4175,2
5850,4125,2
5950,4175,3
6125,4325,2
6275,4325,2
6225,4425,1
6225,4575,3
6225,4675,1
6225,4775,3
6225,4925,2
6350,4925,2
6350,5075,3
6322,5204,1
6325,5325,3
6225,5275,2
6225,5375,3
6075,5375,2
6075,5275,1
6025,5175,1
6000,5025,3
5875,4975,1
5825,5075,2
5850,5175,1
5800,5275,3
5800,5375,1
5700,5175,1
5425,5175,1
5325,5075,3
5375,4975,2
5225,4875,2
5075,4975,1
5125,5075,2
5225,5025,2
5225,5175,1
5025,5175,1
4875,5175,3
4950,5250,3
4950,5350,2
4925,5450,3
5075,5450,2
5225,5450,3
5375,5450,2
5475,5450,2
5575,5450,3
5425,6025,1
5425,6125,1
5575,6125,3
5725,6025,1
5925,6050,3
6124,5908,1
6300,5975,2
6300,6375,3
6300,6575,1
6075,6575,3
5925,6450,2
5875,6675,2
5975,6775,1
5875,6875,2
6075,6975,2
6275,6975,3
6225,7075,3
6300,7150,1
6025,7150,1
5875,7150,1
5775,7325,3
5825,7425,2
5975,7425,2
6075,7475,3
5975,7575,2
6075,7625,1
6075,7725,3
5925,7725,3
5925,7825,1
6075,7825,2
6225,7875,3
6325,7925,3
6325,8075,2
6225,8075,3
6175,8175,3
6325,8225,2
6325,8375,1
6175,8325,3
6075,8325,3
5975,8225,1
5875,8225,2
5825,7975,1
5675,7825,1
5725,7600,2
5625,7575,2
5675,7425,1
5575,7425,3
5425,7425,1
5425,7575,3
5350,7750,3
5200,7750,3
5325,7875,2
5475,7825,3
5425,7925,3
5525,7975,1
5625,7975,1
5625,8075,1
5525,8125,3
5425,8075,3
5325,8025,2
5325,8125,1
5150,8225,2
5050,8225,1
5125,8125,3
5175,7975,2
5025,7975,1
4900,7875,1
4900,7775,3
4725,7825,1
4525,7725,3
4375,7725,1
4325,7625,2
4475,7625,3
4525,7475,3
4625,7575,1
4725,7475,2
4925,7525,2
4875,7425,2
4825,7275,3
4725,7075,1
4525,7075,2
4625,6975,1
4775,6775,3
4625,6775,1
4475,6825,2
4475,6675,2
4625,6425,2
4525,6200,2
4625,6025,1
4525,6000,1
4125,6375,1
4125,6525,3
4275,6525,3
4275,6675,2
4125,6675,3
4125,6875,3
4125,7075,1
4126,7259,2
4125,7260,1
4126,7409,1
4125,7410,1
4125,7560,3
4126,7560,1
4125,7710,2
4125,7711,3
4225,7825,2
4125,7875,2
4125,7975,3
4125,8075,1
4125,8175,2
4125,8275,1
4125,8375,2
4125,8475,1
4175,8825,2
4375,8825,2
4478,8820,1
4747,8703,1
4775,8825,3
4925,8725,2
4975,8825,3
5075,8725,3
5000,8575,2
5150,8375,1
5150,8475,2
5150,8625,3
5375,8775,1
5475,8775,2
5575,8775,2
5675,8775,3
5825,8775,2
5775,8625,1
5775,8525,2
5875,8575,1
6075,8475,1
6175,8425,3
6250,8575,1
6350,8675,2
6250,8775,1
6225,9325,1
6225,9425,1
6225,9525,2
6225,9725,3
6225,9825,2
6275,10075,1
6025,10075,1
5748,10075,3
5475,10075,1
5337,9801,3
5335,9702,2
5335,9601,2
5336,9502,2
5336,9399,1
5336,9298,2
5075,9325,2
5075,9425,2
5075,9525,2
5075,9725,2
5075,9825,2
4975,10075,2
4700,10075,2
4425,10075,2
4275,10125,1
4190,9806,1
4189,9706,1
4189,9606,1
4190,9505,3
4190,9406,1
4189,9306,3
3675,9325,1
3675,9425,3
3675,9525,1
3675,9725,2
3675,9825,3
3725,10075,3
3475,10075,3
3198,10075,1
2925,10075,2
2787,9801,3
2785,9702,2
2785,9601,2
2786,9502,2
2786,9399,2
2786,9298,1
2525,9325,3
2525,9425,3
2525,9525,3
2525,9725,1
2525,9825,1
2425,10075,2
2150,10075,2
2450,10475,2
2900,10475,1
2900,10875,1
2900,11075,2
3275,11025,2
3275,11125,3
3375,11125,3
3475,11075,1
3475,10975,2
3650,10975,3
3750,10775,2
3750,10625,1
3750,10475,3
3750,10375,3
3725,10275,3
4150,10425,1
4150,10525,3
4150,10625,2
4150,10725,2
4150,10850,1
4175,11050,2
4325,11025,2
4450,11025,3
4525,11125,2
4625,11025,1
4625,11125,2
4600,11275,2
4700,11325,3
4600,11425,1
4500,11325,3
4275,11425,3
4175,11425,1
4225,11525,2
4300,11600,2
4300,11700,1
4225,11650,3
4115,11710,1
4115,11860,2
4275,11925,3
4115,12010,1
4115,12160,3
4115,12310,2
4115,12460,2
4115,12610,2
4115,12760,2
4375,12825,1
4375,12675,1
4375,12575,1
4375,12425,1
4375,12175,3
4475,12225,2
4625,12225,2
4575,12125,1
4475,12075,2
4425,11925,2
4500,11825,1
4525,11925,2
4675,11925,3
4875,11750,1
4775,11750,1
4700,11675,3
4600,11675,3
4600,11575,3
4700,11575,1
4700,11475,1
4775,11425,3
4875,11425,2
4975,11325,3
5175,11325,2
5275,11325,2
5000,11075,3
5000,10875,2
5000,10475,3
5450,10475,1
5450,10875,1
5450,11075,1
5475,11325,3
5575,11425,2
5675,11425,2
5750,11475,1
5750,11575,1
5850,11550,2
5850,11650,2
5750,11675,3
5675,11725,2
5575,11725,1
5775,11925,2
5925,11925,1
5950,11825,1
6075,11875,1
6225,11725,2
6225,11825,3
6225,11925,3
6225,12075,3
6350,12075,3
6350,12225,1
6322,12354,3
6325,12475,1
6225,12425,3
6225,12525,2
6075,12525,3
6075,12425,1
6025,12325,2
6000,12175,1
5875,12125,3
5825,12225,2
5850,12325,1
5800,12425,2
5800,12525,3
5700,12325,1
5425,12325,1
5325,12225,3
5375,12125,1
5225,12025,1
5075,12125,2
5125,12225,2
5225,12175,2
5225,12325,3
5025,12325,3
4875,12325,2
4950,12400,1
4950,12500,2
4925,12600,1
5075,12600,2
5225,12600,1
5375,12600,1
5475,12600,3
5575,12600,1
5425,13175,1
5425,13275,2
5575,13275,3
5725,13175,3
5925,13200,3
6124,13058,2
6300,13125,2
6300,13525,1
6300,13725,1
6075,13725,3
5925,13600,1
5875,13825,1
5975,13925,1
5875,14025,2
6075,14125,2
6275,14125,2
6225,14225,1
6300,14300,2
6025,14300,1
5875,14300,3
5775,14475,1
5825,14575,3
5725,14750,3
5625,14725,3
5675,14575,1
5575,14575,3
5425,14575,1
5425,14725,1
5350,14900,3
5200,14900,1
5325,15025,3
5325,15175,1
5325,15275,2
5425,15225,1
5525,15275,2
5625,15225,2
5625,15125,1
5525,15125,1
5425,15075,2
5475,14975,1
5675,14975,1
5825,15125,3
5925,14975,1
5925,14875,3
5975,14725,1
5975,14575,1
6075,14625,1
6075,14775,2
6075,14875,2
6075,14975,1
6225,15025,3
6325,15075,1
6325,15225,2
6225,15225,2
6175,15325,2
6325,15375,1
6325,15525,2
6250,15725,1
6350,15825,3
6250,15925,1
6075,15625,1
6175,15575,1
6175,15475,2
6075,15475,1
5975,15375,3
5875,15375,3
5775,15675,3
5875,15725,1
5775,15775,2
5825,15925,1
5675,15925,1
5575,15925,3
5475,15925,2
5375,15925,1
5150,15775,1
5075,15875,3
4975,15975,3
4775,15975,3
4747,15853,1
4925,15875,1
5000,15725,1
5150,15625,1
5150,15525,2
5150,15375,3
5050,15375,3
5125,15275,3
5175,15125,3
5025,15125,2
4900,15025,1
4900,14925,3
4725,14975,2
4525,14875,1
4375,14875,1
4325,14775,2
4475,14775,3
4525,14625,2
4625,14725,2
4725,14625,3
4925,14675,3
4875,14575,1
4825,14425,1
4725,14225,3
4525,14225,3
4625,14125,1
4775,13925,1
4625,13925,3
4475,13975,3
4475,13825,3
4625,13575,3
4525,13350,2
4625,13175,1
4525,13150,1
4125,13525,1
4125,13675,2
4275,13675,2
4275,13825,1
4125,13825,2
4125,14025,2
4125,14225,2
4126,14409,3
4125,14410,3
4126,14559,2
4125,14560,3
4125,14710,2
4126,14710,1
4125,14860,1
4125,14861,3
4225,14975,2
4125,15025,1
4125,15125,1
4125,15225,3
4125,15325,2
4125,15425,3
4125,15525,3
4125,15625,1
4478,15970,3
4375,15975,2
4175,15975,3
3800,15825,1
3700,15925,1
3700,15725,1
3625,15575,3
3525,15625,1
3325,15725,2
3225,15675,2
3225,15775,3
3275,15925,2
3125,15925,2
3025,15925,3
2925,15925,2
2825,15925,1
2600,15775,1
2600,15625,2
2600,15525,2
2450,15725,2
2525,15875,1
2425,15975,1
2375,15875,1
2225,15975,1
2197,15853,1
1928,15970,3
1825,15975,3
1625,15975,3
1575,15625,2
1575,15525,2
1575,15425,1
1575,15325,3
1575,15225,1
1575,15125,1
1575,15025,3
1675,14975,1
1575,14861,2
1575,14860,3
1575,14710,3
1576,14710,2
1575,14560,2
1576,14559,3
1575,14410,3
1576,14409,1
1575,14225,2
1575,14025,1
1575,13825,3
1725,13825,3
1725,13675,3
1575,13675,2
1575,13525,3
1975,13150,2
2075,13175,1
1975,13350,2
2075,13575,2
1925,13825,3
1925,13975,2
2075,13925,3
2225,13925,3
2075,14125,2
1975,14225,2
2175,14225,2
2275,14425,3
2325,14575,2
2375,14675,2
2175,14625,2
2075,14725,3
1975,14625,3
1925,14775,2
1775,14775,2
1825,14875,2
1975,14875,1
2175,14975,3
2350,14925,3
2350,15025,3
2475,15125,2
2625,15125,2
2575,15275,3
2500,15375,2
2600,15375,1
2775,15275,2
2775,15175,1
2875,15225,2
2975,15275,3
3075,15225,1
3075,15125,1
2975,15125,3
2925,14975,2
2875,15075,1
2775,15025,2
2650,14900,1
2800,14900,3
2875,14725,3
2875,14575,3
3025,14575,3
3125,14575,3
3075,14725,2
3175,14750,1
3125,14975,2
3275,15125,3
3325,15375,2
3425,15375,2
3525,15475,1
3625,15475,2
3775,15525,1
3775,15375,2
3625,15325,1
3675,15225,3
3775,15225,1
3775,15075,2
3675,15025,3
3525,14975,2
3375,14975,2
3375,14875,2
3525,14875,1
3525,14775,3
3425,14725,3
3525,14625,3
3425,14575,3
3275,14575,3
3225,14475,3
3325,14300,1
3475,14300,2
3750,14300,2
3675,14225,2
3725,14125,1
3525,14125,3
3325,14025,2
3425,13925,3
3325,13825,1
3375,13600,1
3525,13725,3
3750,13725,2
3750,13525,2
3750,13125,1
3574,13058,1
3375,13200,2
3175,13175,2
3025,13275,3
2875,13275,1
2875,13175,1
3025,12600,2
2925,12600,3
2825,12600,3
2675,12600,3
2525,12600,1
2375,12600,2
2400,12500,1
2400,12400,2
2325,12325,2
2475,12325,1
2575,12225,2
2525,12125,1
2675,12025,2
2825,12125,3
2775,12225,1
2675,12175,1
2675,12325,1
2875,12325,3
3150,12325,3
3250,12525,1
3250,12425,2
3300,12325,1
3275,12225,2
3325,12125,2
3450,12175,2
3475,12325,3
3525,12425,1
3525,12525,1
3675,12525,2
3675,12425,3
3775,12475,2
3772,12354,2
3800,12225,2
3800,12075,1
3675,12075,1
3675,11925,3
3675,11825,3
3675,11725,2
3675,11575,1
3725,11475,2
3575,11475,2
3400,11325,1
3300,11275,3
3200,11325,2
3300,11425,3
3300,11550,1
3300,11650,1
3400,11825,2
3525,11875,2
3375,11925,1
3225,11925,3
3025,11725,3
3125,11725,2
3200,11675,3
3200,11575,2
3200,11475,1
3125,11425,2
3025,11425,1
2925,11325,1
2725,11325,1
2625,11325,1
2450,10875,3
2450,11075,2
2425,11325,2
2325,11425,3
2225,11425,3
2150,11475,1
2150,11575,1
2050,11575,1
2050,11675,3
2150,11675,3
2225,11750,1
2325,11750,3
2125,11925,2
1975,11925,1
1950,11825,2
1875,11925,3
1925,12075,2
2025,12125,3
2075,12225,2
1925,12225,1
1825,12175,3
1825,12425,2
1825,12575,2
1825,12675,2
1825,12825,2
1565,12760,2
1565,12610,3
1565,12460,2
1565,12310,3
1565,12160,2
1565,12010,3
1725,11925,2
1565,11860,2
1565,11710,3
1675,11650,1
1750,11700,2
1750,11600,3
1675,11525,2
1625,11425,2
1725,11425,3
1950,11325,1
2050,11425,1
2150,11325,2
2050,11275,3
2075,11125,3
2075,11025,3
1975,11125,1
1900,11025,3
1775,11025,1
1625,11050,2
1600,10850,3
1600,10725,3
1600,10625,3
1600,10525,1
1600,10425,1
1725,10125,3
1875,10075,1
1640,9806,1
1639,9706,1
1639,9606,2
1640,9505,1
1640,9406,2
1639,9306,1
1928,8820,2
1825,8825,1
1625,8825,3
1575,8475,1
1575,8375,2
1575,8275,1
1575,8175,3
1575,8075,1
1575,7975,2
1575,7875,3
1675,7825,1
1575,7711,2
1575,7710,1
1576,7560,3
1575,7560,2
1575,7410,1
1576,7409,1
1575,7260,3
1576,7259,1
1575,7075,1
1575,6875,1
1575,6675,3
1725,6675,3
1725,6525,1
1575,6525,3
1575,6375,2
1975,6000,1
2075,6025,3
1975,6200,3
2075,6425,1
1925,6675,2
1925,6825,1
2075,6775,1
2225,6775,3
2075,6975,1
1975,7075,3
2175,7075,3
2275,7275,1
2325,7425,1
2375,7525,3
2175,7475,1
2075,7575,1
1975,7475,3
1925,7625,1
1775,7625,1
1825,7725,1
1975,7725,1
2175,7825,3
2350,7775,1
2350,7875,3
2475,7975,2
2625,7975,1
2575,8125,1
2500,8225,1
2600,8225,2
2600,8375,3
2600,8475,2
2450,8575,1
2375,8725,2
2197,8703,1
2225,8825,2
2425,8825,2
2525,8725,2
2600,8625,3
2825,8775,1
2925,8775,1
3025,8775,3
3125,8775,3
3275,8775,3
3225,8625,2
3325,8575,2
3225,8525,3
3325,8225,1
3425,8225,3
3525,8325,2
3625,8325,3
3625,8425,2
3525,8475,2
3700,8775,2
3800,8675,2
3700,8575,3
3775,8375,3
3775,8225,2
3625,8175,2
3675,8075,2
3775,8075,1
3775,7925,2
3675,7875,3
3525,7825,1
3525,7725,2
3525,7625,2
3525,7475,1
3425,7425,2
3425,7575,1
3375,7725,2
3375,7825,1
3275,7975,2
3125,7825,3
2925,7825,3
2875,7925,2
2975,7975,3
3075,7975,2
3075,8075,1
2975,8125,2
2875,8075,3
2775,8125,3
2775,8025,2
2775,7875,1
2650,7750,1
2800,7750,1
2875,7575,1
2875,7425,3
3025,7425,2
3125,7425,2
3075,7575,2
3175,7600,1
3275,7425,2
3225,7325,2
3325,7150,2
3475,7150,1
3750,7150,3
3675,7075,1
3725,6975,2
3525,6975,1
3325,6875,2
3425,6775,2
3325,6675,1
3375,6450,2
3525,6575,1
3750,6575,3
3750,6375,2
3750,5975,3
3574,5908,2
3375,6050,1
3175,6025,3
3025,6125,1
2875,6125,2
2875,6025,2
3025,5450,2
2925,5450,1
2825,5450,2
2675,5450,3
2525,5450,3
2375,5450,1
2400,5350,2
2400,5250,1
2325,5175,2
2475,5175,3
2575,5075,2
2525,4975,1
2675,4875,1
2825,4975,1
2775,5075,3
2675,5025,3
2675,5175,2
2875,5175,1
3150,5175,2
3250,5375,3
3250,5275,2
3300,5175,3
3275,5075,2
3325,4975,2
3450,5025,3
3475,5175,1
3525,5275,1
3525,5375,1
3675,5375,1
3675,5275,3
3775,5325,2
3772,5204,2
3800,5075,1
3800,4925,1
3675,4925,3
3675,4775,1
3675,4675,3
3675,4575,3
3525,4725,1
3400,4675,1
3375,4775,2
3225,4775,1
3025,4575,2
3125,4575,1
3200,4525,1
3300,4500,2
3300,4400,3
3200,4425,2
3200,4325,2
3125,4275,2
3025,4275,1
2925,4175,2
2900,3925,2
2900,3725,1
2900,3325,3
2450,3325,2
2450,3725,3
2450,3925,1
2725,4175,1
2625,4175,3
2425,4175,1
2325,4275,1
2225,4275,2
2150,4325,3
2150,4425,1
2050,4425,3
2050,4525,3
2150,4525,2
2225,4600,2
2325,4600,3
2125,4775,3
1975,4775,1
1950,4675,1
1875,4775,1
1925,4925,1
2025,4975,1
2075,5075,3
1925,5075,2
1825,5025,1
1825,5275,2
1825,5425,3
1825,5525,3
1825,5675,3
1565,5610,2
1565,5460,1
1565,5310,1
1565,5160,1
1565,5010,1
1565,4860,3
1725,4775,2
1565,4710,3
1565,4560,1
1675,4500,3
1750,4550,3
1750,4450,3
1675,4375,3
1625,4275,2
1725,4275,1
1950,4175,1
2050,4275,3
2150,4175,1
2050,4125,1
2075,3975,2
2075,3875,3
1975,3975,1
1900,3875,3
1775,3875,3
1625,3900,1
1600,3700,3
1600,3575,1
1600,3475,3
1600,3375,1
1600,3275,3
1725,2975,2
1640,2656,3
1639,2556,3
1639,2456,2
1640,2355,2
1640,2256,2
