4003.2,2997.9,2
3602.88,2498.25,2
3953.16,2848,1
4153.31,2947.93,2
4353.48,2748.07,2
4653.72,2448.28,1
4703.75,2598.18,2
5304.24,2698.11,1
5154.11,3047.86,1
4453.55,3547.51,1
4553.64,3747.37,3
4853.88,3947.23,3
5204.16,4097.13,2
5304.24,3997.2,1
5454.35,3647.44,1
5454.35,3847.3,1
5404.31,4097.13,3
5454.35,4047.16,3
5454.35,4147.09,1
5354.27,4147.09,2
5304.24,4496.85,3
5304.24,4596.77,2
5354.27,4746.67,1
5154.11,4946.53,2
5054.03,4846.6,3
5054.03,4646.74,3
4853.88,4446.88,2
4853.88,4346.95,3
4853.88,4247.02,3
4703.75,3997.2,2
4553.64,4047.16,1
4653.72,4346.95,2
4853.88,4846.6,1
4753.79,4946.53,1
4903.92,5096.42,2
4853.88,5046.46,3
4553.64,5446.18,3
4853.88,5646.04,2
4953.96,5845.9,2
5054.03,5546.11,1
5054.03,5346.25,2
5154.11,5546.11,3
5304.24,5795.94,2
5404.31,5696.01,2
5454.35,5646.04,1
5554.44,5546.11,1
5554.44,5146.39,3
5604.48,5296.29,3
5754.59,5646.04,2
5604.48,5795.94,2
5454.35,5945.83,2
5354.27,6045.76,1
5254.2,6145.69,2
4953.96,6145.69,3
4603.68,6295.59,1
4553.64,6045.76,1
4503.59,5895.87,2
4453.55,6145.69,3
4453.55,6245.62,3
4403.51,6695.31,3
4253.4,6545.41,2
4303.44,6795.24,2
4303.44,6895.16,3
4103.27,6995.09,2
4253.4,7144.99,3
4403.51,7194.96,3
5054.03,7144.99,2
5354.27,7045.06,2
5104.07,6895.16,2
5004,6795.24,1
5204.16,6495.44,3
5354.27,6645.34,3
5504.4,6395.51,2
5704.55,6595.38,3
5804.64,6395.51,2
5854.68,6345.55,3
6154.92,6045.76,2
6605.27,5696.01,2
6655.31,5646.04,2
6655.31,5745.97,1
6505.2,5995.79,1
6355.07,5646.04,1
5904.72,5296.29,1
5604.48,4796.64,3
5754.59,4946.53,1
5904.72,4896.57,3
5954.76,4846.6,2
6004.79,4996.5,3
6355.07,5146.39,1
6505.2,4996.5,3
6405.11,4896.57,2
6255,4946.53,1
6655.31,4546.81,3
6555.24,4546.81,2
6555.24,3947.23,2
6455.16,3947.23,2
6455.16,4047.16,2
6305.03,4296.98,3
6255,4546.81,2
5754.59,4646.74,1
5804.64,4296.98,1
6004.79,4296.98,3
5854.68,4047.16,3
5854.68,3947.23,3
5754.59,3647.44,2
5804.64,3697.4,2
5854.68,3747.37,3
6154.92,3947.23,2
6605.27,3497.55,1
6655.31,3547.51,1
6555.24,3547.51,3
6605.27,3297.68,3
6555.24,3347.65,3
6605.27,3097.83,2
6455.16,3347.65,2
6305.03,3297.68,3
6305.03,3497.55,1
6154.92,3347.65,1
6154.92,3447.58,2
6255,3147.79,2
6104.88,3197.75,2
5454.35,3247.72,1
5554.44,3347.65,2
5754.59,3047.86,1
5654.51,2848,3
5654.51,2748.07,3
5604.48,2598.18,1
5854.68,2947.93,1
5854.68,3047.86,1
5954.76,2848,2
6054.83,2848,3
6455.16,2748.07,2
6154.92,2448.28,1
6104.88,2598.18,2
6054.83,2548.21,2
6004.79,2398.31,2
5654.51,2348.35,2
6355.07,1648.84,3
6405.11,1598.88,2
6455.16,1648.84,1
6805.44,1598.88,1
6905.51,1498.94,3
6955.55,1548.91,3
6905.51,1598.88,3
7005.59,1698.81,3
7105.68,1698.81,2
7055.64,1548.91,2
7005.59,1498.94,3
7105.68,1399.01,3
7205.76,1399.01,2
7255.79,1448.98,1
7355.88,1448.98,3
7355.88,1648.84,2
7455.96,1648.84,1
7806.24,1598.88,2
7906.31,1598.88,1
7906.31,1498.94,3
7956.35,1548.91,2
8006.4,1498.94,2
8056.44,1548.91,3
8106.48,1399.01,2
8206.55,1399.01,1
8256.59,1448.98,3
8356.68,1448.98,2
8006.4,1698.81,2
8106.48,1698.81,1
8356.68,1648.84,1
8456.76,1648.84,1
8807.03,1598.88,3
8907.11,1498.94,2
8957.16,1548.91,3
8907.11,1598.88,1
9007.2,1698.81,3
9107.27,1698.81,3
9057.24,1548.91,3
9007.2,1498.94,3
9107.27,1399.01,3
9207.35,1399.01,1
9257.4,1448.98,3
9357.48,1448.98,1
9357.48,1648.84,2
9457.55,1648.84,1
9807.83,1598.88,3
9907.92,1598.88,2
9907.92,1498.94,3
9957.96,1548.91,1
10008,1498.94,1
10058,1548.91,2
10008,1698.81,2
10108.1,1698.81,1
10358.3,1648.84,3
10408.3,1598.88,3
10458.3,1648.84,2
10858.7,2348.35,2
10808.6,2598.18,3
11259,2848,2
11158.9,2848,1
10958.8,2848,2
10658.5,2748.07,3
10658.5,3047.86,1
10408.3,2997.9,1
10408.3,2897.96,1
10358.3,2848,1
10458.3,2748.07,3
10358.3,2448.28,1
9807.83,2598.18,2
10158.1,3047.86,3
9957.96,3047.86,2
9757.79,3147.79,3
9757.79,2748.07,2
9707.76,2798.03,1
9657.72,2848,3
9607.68,2798.03,1
9357.48,2848,2
9207.35,2798.03,1
9257.4,2947.93,1
9657.72,3147.79,2
9457.55,3447.58,3
9557.64,3747.37,3
9357.48,3947.23,2
9757.79,3847.3,1
9707.76,3997.2,2
9807.83,3997.2,3
10158.1,4047.16,1
9807.83,4396.92,3
9857.88,4346.95,1
9907.92,4396.92,3
10108.1,4396.92,1
10108.1,4496.85,3
10208.2,4396.92,2
10308.2,4496.85,2
10408.3,4197.05,2
10408.3,4097.13,1
10658.5,4047.16,3
10808.6,4296.98,1
10808.6,4396.92,1
10508.4,4496.85,3
10508.4,4596.77,1
10708.5,4596.77,1
10808.6,4696.7,2
10408.3,4996.5,2
10508.4,4996.5,3
10508.4,5196.35,1
10808.6,4996.5,1
10908.7,4996.5,2
10858.7,4946.53,1
11008.8,4696.7,1
11259,4546.81,3
11108.9,4396.92,2
11008.8,4296.98,1
11008.8,4396.92,3
11108.9,4296.98,3
11259,4147.09,1
11559.2,3847.3,1
11359.1,4047.16,1
11359.1,3747.37,1
11158.9,3747.37,3
10958.8,3847.3,3
10558.4,3347.65,2
10358.3,3547.51,1
10558.4,3647.44,3
10808.6,3497.55,1
10858.7,3647.44,1
11259,3347.65,3
11359.1,3547.51,2
11559.2,3447.58,2
11509.2,3097.83,3
12009.6,2997.9,1
12259.8,2848,3
11959.5,2448.28,2
11859.5,2548.21,1
12009.6,2698.11,2
12259.8,2548.21,3
12810.2,2398.31,1
12560,2748.07,1
12660.1,2947.93,1
12460,2947.93,3
12359.9,3147.79,1
12359.9,3347.65,3
12259.8,3447.58,1
12710.2,3797.33,1
12460,3847.3,2
12159.7,3847.3,3
12159.7,3947.23,2
12009.6,4097.13,3
11859.5,4047.16,2
11959.5,4446.88,2
12009.6,4396.92,3
12159.7,4346.95,2
12560,4446.88,3
12409.9,4496.85,2
12309.8,4596.77,3
12460,4746.67,2
12460,4846.6,1
12460,4946.53,1
12760.2,4946.53,2
12760.2,5146.39,2
12460,5146.39,1
12510,5196.35,3
12460,5246.32,2
12259.8,5046.46,2
12159.7,5246.32,2
12059.6,4946.53,2
11809.4,4996.5,2
11859.5,5346.25,1
11659.3,5646.04,3
11509.2,5296.29,3
11509.2,5096.42,2
11609.3,4896.57,1
11559.2,4446.88,3
11609.3,4396.92,3
11659.3,4546.81,2
11409.1,4896.57,2
11309,4896.57,2
11459.2,5046.46,1
11359.1,5246.32,1
11359.1,5446.18,1
11659.3,5745.97,3
11859.5,5646.04,2
12159.7,5546.11,2
12259.8,5845.9,3
12059.6,6045.76,3
12159.7,6145.69,2
12009.6,6295.59,3
12159.7,6545.41,3
12359.9,5945.83,1
12460,6045.76,3
12710.2,6495.44,3
12560,6545.41,3
12510,6595.38,3
12259.8,6845.2,3
12109.7,6795.24,2
12109.7,6895.16,2
11909.5,6795.24,2
12109.7,6995.09,3
12309.8,7194.96,3
12309.8,7294.88,1
12460,7144.99,1
12710.2,6795.24,1
12710.2,6995.09,3
12710.2,7095.03,1
13010.4,6995.09,2
13260.6,7344.85,2
13160.5,6745.27,2
13060.4,6445.48,2
13310.6,6595.38,3
13310.6,6695.31,3
13460.8,6545.41,3
13160.5,6145.69,1
12560,5646.04,3
12510,5696.01,3
12710.2,5795.94,2
12960.3,5646.04,2
12960.3,5845.9,3
13260.6,6045.76,2
13360.7,6045.76,1
13460.8,6145.69,2
13460.8,5845.9,3
13711,5496.14,3
13861.1,5646.04,1
13660.9,5745.97,2
13560.8,5745.97,1
13360.7,5646.04,1
13360.7,5446.18,3
13260.6,5246.32,3
13560.8,5346.25,2
13560.8,5246.32,3
13711,5196.35,1
13660.9,5146.39,3
13360.7,4946.53,1
13160.5,4746.67,3
13460.8,4646.74,2
13310.6,4496.85,2
12960.3,4047.16,2
13260.6,4247.02,2
13610.9,4197.05,2
13961.2,4346.95,3
14011.2,4396.92,3
14061.2,4147.09,2
13961.2,4147.09,3
13961.2,3947.23,2
13961.2,3847.3,1
13761,3747.37,3
13610.9,3797.33,3
13360.7,3747.37,2
13460.8,3647.44,2
13560.8,3547.51,1
13861.1,3347.65,3
12860.3,3047.86,3
12960.3,3147.79,2
13460.8,2448.28,2
13811,2498.25,3
13811,2897.96,2
14061.2,2848,2
14111.3,2798.03,1
14261.4,2947.93,1
14461.5,2947.93,1
14661.7,2848,2
14661.7,3047.86,1
14761.8,3147.79,3
14861.9,3147.79,1
15012,3197.75,3
14811.8,3197.75,3
14411.5,3297.68,1
14361.5,3247.72,2
14161.3,3547.51,1
14461.5,3847.3,1
14561.6,3847.3,3
14761.8,3847.3,1
14761.8,4047.16,3
14861.9,4147.09,1
14861.9,4346.95,3
14962,4047.16,3
15162.1,3747.37,1
15162.1,3847.3,2
15362.3,3547.51,1
15412.3,3497.55,3
15462.3,3547.51,3
15362.3,3747.37,2
15062,4147.09,1
15062,4247.02,2
15162.1,4247.02,2
15412.3,4197.05,3
15562.4,3947.23,3
15562.4,3847.3,1
15662.5,3847.3,1
15862.7,3647.44,3
15162.1,2848,2
15262.2,2548.21,1
15362.3,2947.93,2
15412.3,2897.96,1
15562.4,2947.93,1
15862.7,2947.93,3
16012.8,2798.03,1
16062.8,2947.93,1
16112.9,2798.03,2
16263,2548.21,2
16263,2848,3
16263,3047.86,1
16263,3147.79,3
16213,3497.55,3
16363.1,3547.51,1
16513.2,3297.68,2
16563.2,3347.65,3
16763.4,3447.58,2
16963.6,3547.51,3
16563.2,3847.3,3
16513.2,3797.33,2
16613.3,3997.2,1
16763.4,4047.16,2
16963.6,3747.37,3
17013.6,3897.27,3
17363.9,4147.09,1
17363.9,4346.95,1
17213.8,4396.92,2
16813.4,4396.92,1
16763.4,4346.95,2
16663.3,4247.02,3
16613.3,4396.92,2
16463.2,4946.53,1
16263,4946.53,1
16213,4596.77,1
16112.9,4696.7,3
15762.6,4646.74,3
15862.7,5246.32,1
15462.3,5446.18,2
15762.6,5446.18,1
15862.7,5546.11,2
15912.7,5596.07,1
15662.5,5546.11,2
15662.5,5646.04,3
15662.5,5745.97,1
15562.4,5646.04,2
15562.4,5745.97,2
15762.6,5945.83,3
15812.6,5895.87,1
16062.8,5945.83,2
15962.8,6045.76,3
15912.7,6295.59,3
15762.6,6145.69,1
15762.6,6245.62,2
15462.3,6145.69,2
15412.3,6095.72,2
14661.7,4946.53,2
14461.5,4946.53,2
14411.5,4696.7,1
14261.4,4846.6,3
14161.3,4846.6,2
14161.3,5046.46,3
13961.2,5046.46,3
14361.5,5446.18,3
14461.5,5446.18,2
14361.5,5546.11,3
14161.3,5646.04,1
14561.6,5845.9,1
14962,6045.76,1
15012,6295.59,2
14611.7,6295.59,2
14411.5,6295.59,3
14461.5,6445.48,2
14461.5,6545.41,2
14611.7,6495.44,2
14911.9,6595.38,2
14962,6745.27,2
14461.5,6945.13,3
14061.2,6745.27,1
14211.3,6395.51,3
14011.2,6295.59,1
14011.2,6395.51,3
14011.2,6595.38,1
13961.2,6645.34,1
14061.2,6845.2,1
14011.2,6795.24,2
14461.5,7344.85,1
15062,6945.13,2
15112.1,6895.16,1
15112.1,6995.09,2
15062,6645.34,2
15262.2,6545.41,1
15212.2,6695.31,2
15262.2,6945.13,3
15312.2,6995.09,2
15362.3,7045.06,1
15512.4,6995.09,2
15662.5,6745.27,3
15962.8,6445.48,1
16112.9,6395.51,3
16112.9,6295.59,2
16263,6245.62,3
16313,6295.59,2
16263,6445.48,1
15962.8,6645.34,3
16162.9,6845.2,3
16513.2,6895.16,1
16463.2,7144.99,3
16913.5,6995.09,1
16963.6,6945.13,1
17213.8,7095.03,2
16713.3,6695.31,2
16813.4,6395.51,2
16863.5,6445.48,1
17013.6,6595.38,1
17263.8,6645.34,2
17313.8,6495.44,2
17864.3,6245.62,2
17564,6245.62,2
17363.9,6245.62,2
17363.9,5945.83,1
17013.6,6195.66,1
16563.2,6145.69,2
16563.2,6045.76,2
16763.4,5845.9,2
16863.5,5646.04,2
16463.2,5346.25,1
16563.2,5146.39,3
16663.3,4946.53,3
16863.5,5046.46,3
16963.6,4846.6,1
17113.7,4696.7,3
17013.6,4896.57,1
17013.6,4996.5,1
16963.6,5146.39,3
17163.7,5146.39,1
17163.7,5246.32,3
17263.8,5346.25,2
17413.9,5096.42,1
17464,5046.46,1
17614.1,5096.42,1
17864.3,4746.67,2
17764.2,4846.6,3
17564,4646.74,2
17814.2,5196.35,2
17914.3,5396.22,3
17964.3,5546.11,2
18164.5,5745.97,3
18264.6,5745.97,2
18364.7,5646.04,1
18464.8,5646.04,2
18264.6,5546.11,3
18364.7,5346.25,3
18464.8,5246.32,2
18564.8,5046.46,1
18464.8,5046.46,1
18364.7,5046.46,3
18264.6,5146.39,3
18264.6,4946.53,2
18164.5,4846.6,1
18064.4,4946.53,1
18064.4,4746.67,1
18164.5,4646.74,3
18264.6,4646.74,1
17764.2,4147.09,1
17764.2,4047.16,2
17614.1,3997.2,1
17564,4047.16,1
17564,3847.3,3
17464,3647.44,3
17263.8,3647.44,3
17063.6,3347.65,1
16863.5,3247.72,2
16513.2,2798.03,3
16663.3,2848,2
16813.4,2798.03,1
17013.6,2997.9,1
16963.6,2947.93,2
17113.7,2798.03,1
17363.9,2947.93,1
17464,2748.07,1
17363.9,2848,2
16963.6,2448.28,1
16863.5,2448.28,2
16813.4,1698.81,1
16963.6,1648.84,2
16763.4,1448.98,2
16563.2,1349.05,2
16713.3,1299.09,3
16913.5,1399.01,1
17063.6,1349.05,3
17113.7,1598.88,1
17263.8,1548.91,1
17313.8,1698.81,3
17464,1648.84,2
17413.9,1498.94,3
17213.8,1299.09,3
17564,1448.98,1
17614.1,1598.88,2
17714.2,1399.01,1
17764.2,1548.91,2
17864.3,1349.05,3
18014.4,1299.09,2
18064.4,1448.98,3
17914.3,1498.94,3
18114.5,1698.81,1
18264.6,1648.84,3
18414.7,1598.88,3
18214.6,1399.01,3
18364.7,1349.05,3
18514.8,1299.09,2
18614.9,1299.09,2
18664.9,1349.05,1
18614.9,1399.01,2
18614.9,1498.94,2
18664.9,1548.91,3
18664.9,1448.98,2
18715,1399.01,2
18715,1299.09,3
18765,1349.05,2
18815,1299.09,3
18815,1399.01,3
18865.1,1349.05,2
18915.1,1299.09,1
18915.1,1399.01,1
18865.1,1448.98,2
18915.1,1498.94,3
18915.1,1598.88,2
18915.1,1698.81,2
18865.1,1648.84,2
18815,1598.88,2
18865.1,1548.91,3
18815,1498.94,3
18765,1448.98,3
18715,1498.94,1
18765,1548.91,3
18715,1598.88,1
18765,1648.84,1
18815,1698.81,3
18715,1698.81,3
18664.9,1648.84,1
18614.9,1598.88,1
18614.9,1698.81,2
17864.3,2548.21,1
18414.7,2598.18,1
18564.8,2448.28,1
18364.7,2848,1
18264.6,2947.93,2
18564.8,3047.86,3
18715,2897.96,1
18915.1,2698.11,2
18815,2897.96,2
18614.9,3297.68,1
18564.8,3347.65,2
18464.8,3447.58,3
17864.3,2848,1
17864.3,3147.79,2
17964.3,3547.51,2
18064.4,3847.3,3
18214.6,3997.2,2
18264.6,3947.23,2
18364.7,3847.3,2
18464.8,3747.37,2
18715,4197.05,2
18664.9,4247.02,3
18464.8,4247.02,1
18264.6,4247.02,3
18364.7,4346.95,2
18514.8,4596.77,2
18414.7,4696.7,1
18664.9,4846.6,1
18915.1,4696.7,2
18965.2,4646.74,1
18865.1,4546.81,2
18865.1,4047.16,2
18865.1,3947.23,3
18815,3797.33,3
18865.1,3847.3,3
19015.2,4097.13,2
19115.3,4197.05,1
19215.3,4197.05,2
19465.6,3947.23,3
19465.6,3847.3,3
19465.6,3747.37,1
19115.3,3297.68,2
19365.5,3247.72,1
19465.6,2947.93,3
19365.5,2848,3
19115.3,2698.11,1
19365.5,2548.21,2
19715.8,2498.25,1
21317,2098.53,2
19515.6,4097.13,2
19365.5,4147.09,3
19315.4,4197.05,3
19165.3,4646.74,1
19365.5,4746.67,2
19215.3,5096.42,2
19015.2,5196.35,2
19115.3,5296.29,3
19215.3,5296.29,2
19115.3,5496.14,3
18915.1,5995.79,1
18965.2,5945.83,1
19415.5,6295.59,2
19715.8,7194.96,3
18815,6195.66,1
18664.9,6145.69,2
18464.8,5845.9,2
18164.5,6045.76,1
18164.5,6145.69,2
18464.8,6545.41,1
18214.6,6595.38,3
18114.5,6895.16,3
18314.6,7194.96,3
18214.6,7194.96,1
18164.5,7144.99,1
18064.4,7144.99,3
18014.4,7194.96,1
17964.3,7144.99,1
17764.2,7144.99,2
17464,7344.85,3
16863.5,8344.15,1
16813.4,8394.11,3
16763.4,8344.15,1
16413.1,8394.11,1
16313,8494.05,3
16263,8444.08,2
16313,8394.11,2
16213,8294.18,2
16112.9,8294.18,3
16162.9,8444.08,3
16213,8494.05,1
16112.9,8593.98,1
16012.8,8593.98,3
15962.8,8544.01,3
15862.7,8544.01,1
15862.7,8344.15,1
15762.6,8344.15,2
15412.3,8394.11,1
15312.2,8394.11,1
15312.2,8494.05,3
15262.2,8444.08,2
15212.2,8494.05,2
15112.1,8593.98,3
15012,8593.98,1
14962,8544.01,1
14861.9,8544.01,2
15162.1,8444.08,1
15212.2,8294.18,1
15112.1,8294.18,1
14861.9,8344.15,1
14761.8,8344.15,1
14411.5,8394.11,3
14311.4,8494.05,1
14261.4,8444.08,3
14311.4,8394.11,3
14211.3,8294.18,3
14111.3,8294.18,3
14161.3,8444.08,1
14211.3,8494.05,2
14111.3,8593.98,3
14011.2,8593.98,2
13961.2,8544.01,2
13861.1,8544.01,3
13861.1,8344.15,2
13761,8344.15,2
13410.7,8394.11,1
13310.6,8394.11,1
13310.6,8494.05,2
13260.6,8444.08,2
13210.5,8494.05,1
13160.5,8444.08,3
13210.5,8294.18,3
13110.5,8294.18,2
12860.3,8344.15,1
12810.2,8394.11,3
12760.2,8344.15,3
11509.2,7194.96,2
11259,6845.2,2
11008.8,7095.03,2
10758.6,6945.13,1
11008.8,6795.24,3
11008.8,6695.31,1
11108.9,6495.44,2
11509.2,6495.44,2
11108.9,6095.72,1
11158.9,5945.83,2
11259,5546.11,1
11008.8,5795.94,1
10708.5,6095.72,1
10358.3,5646.04,2
10408.3,5795.94,2
10458.3,6045.76,3
10308.2,6295.59,2
10208.2,6395.51,2
10208.2,6495.44,3
10358.3,6845.2,3
10208.2,6795.24,1
9757.79,6745.27,3
9407.51,6795.24,1
9457.55,6945.13,3
9757.79,7045.06,1
10058,7144.99,3
9807.83,6895.16,1
9757.79,6445.48,3
9907.92,6295.59,3
10158.1,6145.69,2
9957.96,5945.83,3
10158.1,5845.9,3
9757.79,5845.9,1
10158.1,5346.25,3
10358.3,5146.39,3
10158.1,5146.39,3
10158.1,4946.53,3
10058,4846.6,1
10058,4946.53,3
10008,5096.42,3
9957.96,5046.46,1
9657.72,5046.46,3
9607.68,5096.42,2
9557.64,5146.39,3
9557.64,5046.46,2
9457.55,4946.53,1
9657.72,4946.53,3
10058,4546.81,2
9907.92,4596.77,2
9607.68,4596.77,1
9707.76,4396.92,1
9557.64,4346.95,3
9457.55,4247.02,2
9557.64,4147.09,2
9557.64,4247.02,1
9057.24,4147.09,1
8957.16,4047.16,3
8957.16,3847.3,3
9057.24,3847.3,1
9057.24,3747.37,1
8957.16,3447.58,3
9007.2,2798.03,3
8757,2848,1
8356.68,3047.86,1
8156.51,2748.07,3
8156.51,3047.86,2
8056.44,3047.86,3
7956.35,2947.93,2
7856.27,2848,3
7756.2,2548.21,3
7756.2,2448.28,3
7656.11,2548.21,2
7706.16,2798.03,3
7606.07,2798.03,3
7856.27,3147.79,1
7756.2,3347.65,3
7556.03,3447.58,1
6955.55,3247.72,1
6955.55,2848,1
7105.68,2598.18,3
7055.64,2848,3
7105.68,2798.03,1
6755.4,3247.72,2
7005.59,3497.55,3
6955.55,3847.3,1
7005.59,3897.27,3
6755.4,4147.09,2
7155.72,3847.3,3
7255.79,4147.09,2
7556.03,4247.02,3
7305.83,4496.85,2
7506,4596.77,1
7455.96,4846.6,2
7656.11,4846.6,2
7856.27,4346.95,2
7756.2,4147.09,1
8056.44,4247.02,2
8056.44,4047.16,2
8106.48,3997.2,2
8156.51,3947.23,3
8156.51,4047.16,1
8356.68,3947.23,2
8556.83,3847.3,1
8356.68,3547.51,3
8556.83,3547.51,2
8606.88,3597.48,1
8656.92,3947.23,2
8606.88,3997.2,3
8656.92,4147.09,3
8757,4247.02,3
8606.88,4296.98,3
8506.79,4496.85,2
8757,4646.74,3
8907.11,4396.92,1
9007.2,4596.77,2
9107.27,4396.92,1
9207.35,4596.77,1
9057.24,4846.6,1
8757,4846.6,2
8606.88,4996.5,1
8556.83,4846.6,1
8356.68,4946.53,1
8356.68,5646.04,2
8456.76,5945.83,2
8356.68,5845.9,2
8356.68,5945.83,2
8356.68,6145.69,1
8356.68,6245.62,1
8306.64,6395.51,3
8957.16,6045.76,2
9057.24,6045.76,3
9157.31,5945.83,3
9057.24,5745.97,2
9507.59,5895.87,1
9157.31,6245.62,2
9007.2,6495.44,1
8807.03,6995.09,1
8256.59,7144.99,2
8406.72,7294.88,2
8106.48,6995.09,2
8106.48,6895.16,2
8056.44,6845.2,1
7906.31,6895.16,3
7656.11,6445.48,3
7355.88,6145.69,3
7656.11,5945.83,2
7856.27,5745.97,2
8106.48,5696.01,2
7956.35,5945.83,1
7455.96,5945.83,3
7355.88,5845.9,1
7055.64,6145.69,2
6905.51,5895.87,2
6955.55,6045.76,1
6955.55,6145.69,3
6855.48,6145.69,1
6855.48,6245.62,2
7005.59,6295.59,2
7255.79,6345.55,1
6905.51,6895.16,1
7806.24,6995.09,3
8006.4,7294.88,2
7906.31,7294.88,2
7756.2,7344.85,3
6655.31,8643.94,2
6455.16,8544.01,3
6505.2,8693.9,2
6305.03,8593.98,2
6154.92,8643.94,2
6405.11,8294.18,2
6255,8344.15,1
6104.88,8394.11,1
5954.76,8444.08,2
5904.72,8294.18,3
5754.59,8344.15,2
5804.64,8494.05,2
6004.79,8693.9,2
5654.51,8544.01,2
5604.48,8394.11,2
5504.4,8593.98,3
5454.35,8444.08,3
5354.27,8643.94,2
5204.16,8693.9,3
5154.11,8544.01,2
5304.24,8494.05,1
5104.07,8294.18,1
4953.96,8344.15,3
4803.83,8394.11,1
5004,8593.98,3
4853.88,8643.94,1
4703.75,8693.9,1
4603.68,8693.9,3
4553.64,8643.94,1
4603.68,8593.98,1
4603.68,8494.05,1
4553.64,8444.08,2
4553.64,8544.01,3
4503.59,8593.98,3
4503.59,8693.9,1
4453.55,8643.94,2
4403.51,8693.9,2
4403.51,8593.98,2
4453.55,8544.01,3
4503.59,8494.05,3
4403.51,8494.05,2
4453.55,8444.08,1
4503.59,8394.11,3
4553.64,8344.15,3
4603.68,8394.11,2
4603.68,8294.18,3
4503.59,8294.18,1
4453.55,8344.15,2
4403.51,8294.18,3
4353.48,8344.15,3
4403.51,8394.11,1
4353.48,8444.08,3
4353.48,8544.01,2
4353.48,8643.94,2
4303.44,8693.9,1
4303.44,8593.98,2
4303.44,8494.05,1
4303.44,8394.11,2
4303.44,8294.18,3
3602.88,7194.96,1
1901.51,7894.46,1
4053.24,6045.76,1
4253.4,5945.83,2
4303.44,5895.87,1
4353.48,5745.97,2
4253.4,5745.97,2
4153.31,5745.97,2
4053.24,5745.97,3
4053.24,5546.11,2
4353.48,5446.18,2
4353.48,5346.25,2
4353.48,5246.32,2
4453.55,5046.46,2
4403.51,4796.64,3
4453.55,4846.6,3
4153.31,5246.32,2
4003.2,5096.42,1
4153.31,5046.46,2
4053.24,4946.53,2
4053.24,4746.67,2
4403.51,4596.77,1
4353.48,4247.02,1
4053.24,4147.09,1
4403.51,3897.27,2
4303.44,3997.2,1
4003.2,3797.33,1
4053.24,3647.44,1
4003.2,3597.48,1
4053.24,3447.58,3
4253.4,3347.65,1
4153.31,3147.79,3